279
t_index	tf-idf
102	0.05315311031777202
140	0.050067087583811364
150	0.08412246575750253
164	0.07091708641840448
168	0.043647387114569496
192	0.03891263622045313
193	0.05329163526322627
199	0.026880876585030185
224	0.24056800615109397
228	0.023269798678378764
234	0.0440829160443825
239	0.06745913229303303
447	0.04938004034707169
480	0.03322827575792154
543	0.02130870710195929
572	0.02507208738710713
583	0.06296956222524171
637	0.032066815948330454
652	0.05329163526322627
675	0.034132465364094054
707	0.017516177181899083
736	0.04450632774020839
767	0.025442569771032434
786	0.040086255924128227
953	0.046845844919317474
955	0.023814489796417457
959	0.07091708641840448
989	0.042845753173292075
1033	0.16824493151500505
1043	0.16837702035585247
1114	0.04138698908500549
1178	0.021180149146268472
1210	0.07091708641840448
1225	0.036399341461331405
1247	0.04406918668335023
1356	0.03734257453813691
1372	0.06073252014781972
1405	0.08955955915504954
1415	0.045431403631874055
1442	0.030721556520997128
1501	0.0647769346946883
1568	0.023193962122233357
1638	0.04696796769582642
1676	0.031007761810664648
1689	0.02430185605175526
1695	0.04406918668335023
1716	0.050067087583811364
1809	0.03322827575792154
1811	0.05157155535559024
1815	0.05529963442806116
1882	0.040398482680565194
1883	0.1164032570933471
1959	0.017329090848280677
1990	0.028067674729096655
2037	0.09174290846465515
2081	0.040398482680565194
2092	0.027299007588460628
2116	0.02829663506652204
2139	0.0481136012302188
2155	0.05157155535559024
2167	0.05376175317006037
2173	0.04696796769582642
2229	0.028181609745907443
2232	0.043239888623355496
2247	0.03863630096359168
2342	0.024756553846656842
2401	0.04938004034707169
2563	0.023422922459658737
2615	0.02002761701931814
2629	0.09099489610459552
2630	0.036399341461331405
2641	0.019792840510666196
2660	0.028412771760100024
2717	0.10013417516762273
2835	0.03531572038233475
3032	0.040398482680565194
3066	0.036628301798756785
3136	0.08157931002440146
3179	0.036628301798756785
3258	0.043647387114569496
3260	0.2201092569509235
3267	0.025800798631859315
3314	0.021373505395149244
3389	0.02751365711886544
3424	0.016521470078700227
3495	0.042845753173292075
3502	0.03016881296389943
3580	0.029770321632550095
3642	0.04248851250874001
3669	0.04450632774020839
3704	0.038366176016492205
3786	0.05524487326602436
3807	0.03376258835672837
3811	0.03130094840111035
3856	0.03190968881837836
3871	0.019567105157638893
4012	0.02795480954044527
4027	0.013172492713174572
4134	0.03305532235277074
4147	0.15609062034803325
4152	0.047527140808721675
4176	0.031007761810664648
4267	0.030034509284257455
4294	0.03190968881837836
4297	0.018756457301970602
4333	0.016221488805799426
4359	0.027088124034205345
4387	0.013139695818947649
4569	0.24051753554476937
4632	0.026279748615310426
4694	0.04696796769582642
4771	0.03891263622045313
4773	0.07579079902526778
4779	0.03394610420041204
4803	0.015052791520914991
4848	0.019964968334287295
4849	0.03891263622045313
4883	0.08033573289986333
4910	0.04495996853099153
4917	0.05914773720511928
4964	0.06060926846271386
4981	0.01584648269476004
5002	0.06073252014781972
5119	0.052364839417645186
5128	0.04209425508896312
5157	0.04071903645796348
5198	0.01584648269476004
5223	0.23382627883539311
5224	0.18671287269068457
5285	0.023193962122233357
5344	0.043647387114569496
5374	0.02657655515888601
5434	0.06745913229303303
5690	0.07091708641840448
5704	0.07579079902526778
5712	0.08412246575750253
5739	0.03432176146962363
5812	0.01789931891852369
5866	0.08412246575750253
5927	0.08412246575750253
5936	0.07579079902526778
5971	0.031007761810664648
5978	0.009255425429851975
5980	0.023118601033514565
6120	0.025250165522361964
6138	0.054253752953934996
6156	0.030863807344252186
6249	0.034514086441057336
6335	0.06745913229303303
6346	0.07091708641840448
6353	0.07022048873104504
6379	0.01660857230243269
6421	0.05553097878042921
6429	0.08412246575750253
6599	0.029770321632550095
6607	0.022319390734603855
6665	0.07727260192718335
6716	0.022179621086768266
6746	0.03261287307881035
6759	0.020927086024996013
6785	0.04463878146920771
6950	0.07442946375945765
6993	0.039472015993723825
7010	0.01765842800515414
7040	0.12146504029563944
7066	0.06745913229303303
7100	0.08412246575750253
7144	0.028688856692390317
7170	0.021636249283203807
7210	0.059127465560798294
7227	0.0241494481348501
7237	0.013641300766887438
7277	0.041114418035260655
7345	0.03490822189112076
7388	0.04860371210351052
7425	0.04873014941279994
7445	0.013238356189073977
7446	0.0380763449774124
7525	0.08017251184825645
7618	0.02204145802219125
7724	0.2161994431167775
7748	0.05079579882856355
7760	0.047527140808721675
7784	0.03531572038233475
7791	0.018244888426651264
7846	0.08412246575750253
7869	0.02740585321888074
7909	0.07870664118590988
7913	0.05826838298920634
7956	0.06745913229303303
8204	0.040086255924128227
8269	0.025800798631859315
8284	0.05295360619723959
8309	0.026880876585030185
8384	0.054253752953934996
8472	0.021373505395149244
8590	0.025990094737388884
8733	0.025614437468177292
8793	0.02357802208614361
8829	0.023656328905615278
8887	0.04450632774020839
8898	0.0482988962697002
8900	0.03305532235277074
8905	0.03376258835672837
8917	0.054386206682934306
8944	0.029901689653543468
9071	0.06826493072818811
9095	0.03470953878450736
9155	0.04495996853099153
9203	0.034514086441057336
9224	0.040086255924128227
9225	0.059127465560798294
9280	0.057711707079306444
9294	0.02934113833748554
9426	0.029511815878503215
9549	0.06073252014781972
9572	0.03305532235277074
9620	0.018446910901053028
9631	0.035701505953175686
9647	0.07579079902526778
9714	0.04696796769582642
9751	0.07620397672956969
9769	0.037843482610737965
9777	0.021116382130525586
9848	0.04873014941279994
9854	0.014022921843850714
9899	0.07091708641840448
10097	0.029640373834194034
10098	0.026182419708822593
10233	0.03305532235277074
10275	0.04570689720589106
10349	0.013009395851648595
10417	0.021904865026424476
10449	0.05644526796245355
10456	0.07673235203298441
10484	0.07091708641840448
10574	0.035954103365246924
10601	0.04495996853099153
10628	0.050067087583811364
10716	0.02334611673969286
10725	0.08412246575750253
10771	0.026677141974128557
10799	0.032716706882602205
10800	0.022389889788762385
10810	0.05644526796245355
10831	0.040086255924128227
10852	0.02829663506652204
10935	0.023422922459658737
10990	0.019184017881756662
11021	0.01493813194614402
11034	0.016521470078700227
11038	0.03145026776574931
11057	0.019511327543504157
11060	0.021438654900315348
11064	0.04495996853099153
11099	0.027088124034205345
11114	0.05157155535559024
11156	0.040086255924128227
11166	0.09286731019403917
11171	0.014637614936640857
11189	0.10850750590786999
11198	0.03358183225459671
11219	0.08991993706198306
11234	0.06073252014781972
11467	0.06745913229303303
11581	0.01584648269476004
11594	0.040086255924128227
11617	0.10658327052645254
11717	0.05659327013304408
11878	0.02061807018196853
11908	0.02888887574986507
11968	0.017850752976587843
11977	0.05295360619723959
11979	0.08412246575750253
12104	0.028067674729096655
12144	0.03490822189112076
12148	0.009592008940878331
12173	0.03948512795440847
12209	0.007680042677885459
