310
t_index	tf-idf
67	0.026631519640217368
168	0.04439605888657188
192	0.07916018819363989
214	0.0524561482324019
228	0.0236689392126094
234	0.04483905832578297
245	0.03798310157305915
249	0.07213350793327657
253	0.14426701586655313
331	0.027237903299582353
340	0.030479742689026756
386	0.04388001532762874
445	0.02321325053004988
451	0.017438953179818903
477	0.05022704276238583
480	0.03379823134373856
543	0.04334841913043243
629	0.06365893038533177
637	0.032616849329606956
652	0.05420573220334085
690	0.04281628640932261
694	0.06588803585534785
787	0.06588803585534785
842	0.07213350793327657
884	0.06588803585534785
928	0.04893888075945826
941	0.04209688886376616
953	0.02382468948450531
980	0.04358067473610696
1035	0.07213350793327657
1037	0.06588803585534785
1043	0.3425302912745809
1058	0.057413458307403055
1114	0.04209688886376616
1178	0.06463033946952347
1197	0.055184352837386985
1367	0.05489380758136457
1405	0.1138696874244214
1438	0.06177424856464084
1442	0.031248515032829074
1499	0.06588803585534785
1534	0.03798310157305915
1580	0.029384398786376657
1592	0.055184352837386985
1615	0.02187301444960824
1616	0.09787776151891651
1627	0.04670977528944218
1676	0.03153962952406711
1689	0.024718699185697204
1750	0.04244505922890996
1809	0.03379823134373856
1814	0.04358067473610696
1825	0.06861624046033293
1883	0.05919994526751382
1967	0.07859803787275793
2037	0.06221103309775029
2087	0.031989725663568655
2092	0.027767260048373335
2116	0.02878199955950646
2117	0.04016240562593947
2167	0.027341956957448958
2176	0.06588803585534785
2238	0.04109142687755175
2335	0.06861624046033293
2382	0.06177424856464084
2435	0.02577485743391486
2441	0.028665001240820217
2458	0.03849260158573075
2480	0.047773596484323756
2526	0.02755275926580984
2563	0.04764937896901062
2607	0.036570814331393885
2615	0.01018557264623247
2629	0.0694167801253438
2641	0.02013234172614983
2647	0.03849260158573075
2715	0.04245129718575895
2772	0.047773596484323756
2809	0.057413458307403055
2812	0.019238703467925625
2813	0.04526973268738468
2835	0.03592148133862708
2837	0.02963392236543096
2888	0.0759662031461183
2981	0.06588803585534785
3073	0.08638501563299708
3170	0.05420573220334085
3225	0.05420573220334085
3258	0.04439605888657188
3260	0.055971182807704044
3329	0.03550699313651231
3345	0.03986778339375009
3454	0.02550214208986936
3495	0.04358067473610696
3502	0.030686290415679166
3526	0.031248515032829074
3580	0.030280963870794923
3587	0.05022704276238583
3690	0.03415785229893846
3711	0.04893888075945826
3720	0.06365893038533177
3731	0.04526973268738468
3740	0.02001699906878401
3898	0.011091633832877283
3913	0.019238703467925625
3934	0.04723011896668451
3941	0.03327788766649624
3944	0.04175246521444104
3967	0.04109142687755175
4009	0.07060980414510837
4012	0.05686862158611259
4022	0.06861624046033293
4027	0.013398436901663442
4038	0.021349887339001113
4122	0.027134727742122063
4147	0.059538000130650866
4327	0.034910473318748934
4355	0.04439605888657188
4358	0.0229186282978605
4428	0.013875286292544574
4569	0.0815476891607898
4632	0.026730518002993524
4700	0.05420573220334085
4703	0.07213350793327657
4766	0.031248515032829074
4767	0.03153962952406711
4796	0.02328802893442603
4848	0.020307422011561667
4873	0.07213350793327657
4910	0.04573115465539606
4917	0.04512171170303721
4981	0.048354879320607044
5026	0.055184352837386985
5031	0.04621067615447317
5223	0.13590687855125663
5224	0.1519324062922366
5310	0.026631519640217368
5323	0.0524561482324019
5338	0.06365893038533177
5362	0.019677359700874676
5474	0.04893888075945826
5487	0.036570814331393885
5501	0.07213350793327657
5512	0.06943586053710749
5531	0.05624817403226856
5556	0.049566004425496545
5660	0.05870162031033063
5772	0.03419927028964914
5809	0.04482509346875124
5812	0.018206341072614877
5926	0.07213350793327657
5941	0.03702368947556748
5971	0.03153962952406711
5993	0.0374939871107578
6014	0.07213350793327657
6036	0.02024878290154258
6132	0.014015016167736339
6139	0.06861624046033293
6143	0.08556539555622253
6150	0.0236689392126094
6184	0.019733315089171272
6329	0.031987492765927154
6353	0.10713744254258145
6381	0.05166708536444334
6405	0.020190423692875416
6421	0.07060435821431946
6514	0.05624817403226856
6532	0.03986778339375009
6553	0.017208697203048864
6635	0.019789527744525272
6740	0.05064730759158754
6759	0.021286042645607794
6785	0.06810668753881395
6786	0.04209688886376616
6796	0.0276595392546058
6860	0.04573115465539606
6901	0.05420573220334085
6920	0.01707259675122144
6950	0.025235377376177842
6953	0.08556539555622253
6983	0.05624817403226856
6993	0.020074534379677888
7069	0.03571248084752715
7107	0.06588803585534785
7118	0.023363267516493934
7120	0.06588803585534785
7131	0.08879211777314376
7173	0.02755275926580984
7227	0.02456367705720323
7234	0.04245129718575895
7344	0.06365893038533177
7351	0.05329967101669604
7444	0.07873005816182684
7445	0.013465430115869573
7446	0.009682364544327773
7468	0.0710751006906566
7497	0.02170020253240556
7506	0.03773609860652837
7511	0.016893454630519205
7513	0.023065051976122315
7744	0.10659934203339208
7760	0.04834236094169489
7791	0.01855783804062271
7793	0.021286042645607794
7909	0.07004959046509818
8015	0.06588803585534785
8018	0.04670977528944218
8049	0.059368583233575814
8057	0.05306663290719699
8081	0.03397671963781416
8101	0.07709081800827773
8122	0.06177424856464084
8123	0.020074534379677888
8169	0.05420573220334085
8180	0.049566004425496545
8209	0.014664349160503139
8233	0.07709081800827773
8269	0.02624335272060895
8281	0.008374498699904177
8309	0.027341956957448958
8326	0.03592148133862708
8469	0.04175246521444104
8489	0.12274516166271666
8665	0.0229186282978605
8743	0.03153962952406711
8756	0.04526973268738468
8784	0.027767260048373335
8836	0.10415379080566123
8898	0.036845515585804844
8905	0.034341708861377815
8917	0.1106381570184232
8918	0.0759662031461183
8925	0.029384398786376657
8944	0.030414585211759167
9116	0.03277878853152722
9203	0.1053182915644865
9221	0.04175246521444104
9236	0.06177424856464084
9247	0.026148206473873996
9271	0.15418163601655546
9294	0.044766628366921475
9389	0.02141406717667707
9572	0.06724462263164273
9581	0.025060713962784798
9584	0.03635051592080645
9620	0.018763325751637555
9687	0.04281628640932261
9705	0.047773596484323756
9751	0.03875554141873972
9797	0.07213350793327657
9805	0.023746566336893284
9854	0.028526906424305984
9876	0.0407738445803949
9877	0.06397945132713731
9971	0.06014166291238813
10002	0.05420573220334085
10038	0.05926784473086192
10092	0.0727010318416129
10099	0.04209688886376616
10275	0.0309939301299417
10385	0.058768797572753315
10417	0.044561186449162404
10424	0.07213350793327657
10433	0.031105516548875146
10437	0.05329967101669604
10456	0.03902426060945595
10553	0.10362982337996254
10574	0.07314162866278777
10602	0.029139866015025932
10603	0.030280963870794923
10649	0.050925874733703747
10702	0.05870162031033063
10716	0.023746566336893284
10770	0.05166708536444334
10789	0.07709081800827773
10807	0.16261719661002255
10831	0.0407738445803949
10838	0.0524561482324019
10848	0.05870162031033063
10935	0.07147406845351592
10942	0.028960985196127564
11033	0.04621067615447317
11079	0.03277878853152722
11099	0.05510551853161968
11141	0.036570814331393885
11166	0.04723011896668451
11198	0.03415785229893846
11250	0.050925874733703747
11272	0.015329194513148557
11302	0.04670977528944218
11425	0.050925874733703747
11448	0.013068868941896357
11558	0.06014166291238813
11585	0.03101574388959456
11614	0.07213350793327657
11617	0.05420573220334085
11805	0.04209688886376616
11837	0.07213350793327657
11857	0.06177424856464084
11865	0.03379823134373856
11897	0.05166708536444334
11903	0.05870162031033063
11913	0.0276595392546058
11977	0.026930952508314593
12103	0.035304902072554184
12127	0.050121427925569596
12133	0.018355746976664592
12144	0.03550699313651231
12148	0.009756538064053107
12219	0.023138926708447933
