322
t_index	tf-idf
13	0.05364532732403267
28	0.09390939367103153
67	0.027651193756306786
83	0.026954073803696958
102	0.02806743930645586
104	0.031167361459795356
105	0.03171937677382625
110	0.02817366881268688
115	0.03420422732133883
118	0.14232482822346726
158	0.0325951965641154
182	0.056281174491957096
186	0.035850403246002485
187	0.039437407825427685
201	0.03274722654786497
234	0.04655586712161222
259	0.02940492277017351
331	0.05656158956208571
339	0.024102045125159875
340	0.02109783900487363
370	0.014370534266554179
386	0.04556010405135373
444	0.1089292040468672
459	0.03244496579401991
517	0.0366566647695687
519	0.034729585819392894
583	0.022167337030010444
590	0.045840645069667334
634	0.03969915631341789
637	0.03386569120791883
670	0.04855302233925721
675	0.0360472188460475
707	0.018498794783405142
782	0.10430029603956173
834	0.09699642110482094
844	0.035092306264599187
876	0.04370870480676073
885	0.04473661444160555
938	0.08004249004101041
953	0.024736895003357164
962	0.02481853098833733
976	0.03355766755716845
1065	0.03707984902003544
1070	0.09644920500379665
1117	0.02928792330679143
1128	0.04139425080310798
1172	0.056777664941455114
1178	0.06710492166240833
1199	0.0915060666652188
1202	0.037517628675289225
1316	0.08004249004101041
1345	0.08600656312066281
1346	0.0377423133357376
1443	0.056281174491957096
1528	0.01948174054205027
1534	0.039437407825427685
1568	0.04899018102610317
1615	0.022710493758953926
1676	0.03274722654786497
1689	0.025665134765925714
1883	0.0409777381355977
1893	0.08144812613289204
1904	0.03820397700916609
1982	0.04370870480676073
2030	0.18552688579626442
2040	0.04903847727521395
2064	0.09920552718506985
2152	0.04849821055241047
2188	0.03527762856198937
2202	0.07489537326938822
2280	0.05081266455606321
2359	0.012408554994280195
2419	0.04139425080310798
2435	0.1338086572930817
2440	0.03274722654786497
2563	0.024736895003357164
2615	0.010575560334701715
2629	0.04804975114991625
2630	0.03844126152366636
2631	0.05364532732403267
2635	0.03063835358643511
2689	0.055924182766104065
2690	0.04963706197667466
2714	0.04798000178809376
2747	0.032004655114549765
2765	0.045840645069667334
2812	0.05992595890867466
2825	0.029884011774979354
2917	0.035092306264599187
3029	0.056281174491957096
3038	0.0709313929491969
3050	0.05081266455606321
3092	0.04370870480676073
3124	0.04849821055241047
3203	0.17189179437420918
3252	0.022368307220802776
3267	0.02724816460705492
3372	0.0379710465855729
3374	0.057297264791403055
3379	0.045249302234291945
3382	0.08484238434312856
3389	0.029057110549716637
3424	0.017448286879735028
3450	0.05534042181372276
3565	0.058401817831527515
3590	0.026954073803696958
3604	0.039437407825427685
3642	0.02243601059149905
3651	0.05656158956208571
3661	0.12120601768591455
3664	0.03386569120791883
3683	0.05287573703997453
3746	0.022849993535472436
3784	0.05766083934015121
3812	0.056281174491957096
3831	0.062444381563025245
3898	0.04606525205174423
3905	0.06841077303404838
3913	0.01997531963622489
3980	0.0816074187070847
3984	0.062444381563025245
4004	0.02060586853118093
4012	0.029523010616281434
4027	0.04173431855988403
4038	0.08866934812004178
4080	0.01948174054205027
4134	0.034909650567768145
4147	0.06181760559354279
4151	0.0596117187950558
4165	0.04201361031707063
4176	0.03274722654786497
4267	0.0634387535476525
4280	0.05364532732403267
4327	0.18123567015742895
4408	0.04241521846654556
4428	0.014406546636564602
4524	0.029884011774979354
4529	0.06630314350629819
4560	0.04748212025296452
4573	0.031167361459795356
4685	0.030509475810297965
4742	0.06609631903039563
4749	0.04241521846654556
4803	0.03179443760714428
4848	0.021084957535986774
4907	0.026478574322996783
4917	0.03123289520018577
4964	0.032004655114549765
4968	0.0544646020234336
4989	0.027651193756306786
5014	0.06707189848469948
5040	0.043003281560331404
5119	0.05530238751261357
5198	0.03347086848517079
5210	0.04566554778444102
5221	0.030768553208974765
5285	0.024495090513051584
5341	0.029171992346580314
5398	0.03471392042612481
5413	0.04748212025296452
5427	0.058401817831527515
5433	0.03527762856198937
5444	0.06875388451313878
5552	0.0596117187950558
5597	0.028388832470727557
5697	0.057297264791403055
5719	0.06413947605271535
5722	0.026954073803696958
5732	0.049602763592534925
5772	0.04734493371657886
5912	0.09515813032147875
5948	0.05019330504210057
5983	0.022035103001860228
6049	0.037602111074500406
6150	0.02457518132708284
6273	0.03844126152366636
6421	0.01466153501864457
6453	0.07415969804007087
6527	0.04445564682091274
6553	0.017867587996613286
6599	0.03144036879722879
6626	0.021269382357190423
6642	0.043003281560331404
6702	0.04798000178809376
6740	0.026293252025606603
6743	0.04266474544691141
6746	0.08610595224590294
6785	0.023571457664674448
6786	0.13112611442028219
6836	0.0379710465855729
6837	0.0379710465855729
7118	0.048515611997102644
7144	0.015149118069879812
7155	0.02940492277017351
7159	0.11885191074160056
7221	0.0366566647695687
7227	0.012752088556192703
7248	0.0193746145736943
7293	0.03996641569878794
7308	0.04233500348134233
7322	0.060949202258773455
7337	0.10639708942379536
7359	0.03290109936415246
7423	0.040239423036221376
7446	0.040212341113286476
7497	0.022531065176938127
7546	0.05613487861291172
7562	0.0325951965641154
7731	0.07688252304733272
7791	0.019268385067463277
7797	0.08340030720629008
7909	0.010390238037311535
8049	0.041094468014008595
8055	0.018699500180298458
8057	0.027549230542139144
8165	0.04699487582052058
8182	0.03130313122367717
8209	0.015225821335965544
8277	0.04335109378078829
8309	0.028388832470727557
8335	0.044846273085040085
8404	0.08115404702102971
8411	0.057297264791403055
8608	0.04233500348134233
8619	0.04170015360314504
8662	0.05146379968590399
8731	0.0325951965641154
8733	0.027051349007009902
8773	0.04335109378078829
8793	0.024900695365247277
8819	0.0366566647695687
8824	0.029884011774979354
8829	0.024983395018744987
8846	0.01526434747150029
8883	0.04051843101281883
8887	0.047003031248158675
8898	0.012752088556192703
8913	0.06739949920847972
8942	0.04655586712161222
8952	0.037517628675289225
8983	0.019535644452833324
9068	0.03996641569878794
9116	0.03403383077747899
9286	0.0379710465855729
9294	0.06713873681208662
9297	0.09477464176768842
9341	0.03437694225656939
9379	0.04609590601188033
9389	0.20010576780861117
9390	0.03171937677382625
9401	0.007785639532751833
9426	0.031167361459795356
9429	0.03321455607807804
9524	0.023871929725841463
9531	0.04637625527867621
9538	0.026478574322996783
9581	0.026020244688173166
9583	0.09920552718506985
9614	0.042787675569185356
9671	0.047003031248158675
9687	0.04445564682091274
9732	0.08814041200744091
9854	0.014809575785816468
9879	0.02372080470391121
9960	0.021084957535986774
10098	0.05530238751261357
10130	0.05019330504210057
10175	0.06792394367470864
10227	0.05019330504210057
10275	0.024135474961731972
10278	0.05976802354995871
10291	0.025405173082346244
10377	0.023205600875557186
10421	0.04445564682091274
10451	0.0544646020234336
10534	0.027149375377630684
10575	0.035452552995016755
10603	0.03144036879722879
10705	0.014735339598140038
10706	0.02724816460705492
10771	0.02817366881268688
10843	0.057297264791403055
10851	0.09920552718506985
10852	0.08965203532493807
10853	0.06362282769981834
10920	0.058401817831527515
10965	0.040861542491909236
10979	0.049602763592534925
10990	0.010130098771851864
11006	0.04609590601188033
11034	0.017448286879735028
11049	0.03996641569878794
11146	0.06841077303404838
11158	0.13223004840294583
11169	0.05287573703997453
11253	0.022780052025676865
11272	0.023874183674318816
11302	0.04849821055241047
11448	0.05427701192724077
11585	0.016101641126254698
11588	0.07967808078921623
11594	0.04233500348134233
11606	0.04370870480676073
11767	0.0366566647695687
11859	0.044846273085040085
11905	0.04168630609136239
11913	0.028718574436296638
11953	0.013434919961964215
11954	0.07170080649200497
11968	0.018852139517314202
11976	0.027549230542139144
11977	0.055924182766104065
11998	0.02151952546398368
12056	0.04109554638824545
12104	0.029642207284673774
12122	0.03144036879722879
12124	0.04673051881699998
12133	0.038117112583167065
12148	0.02026019754370373
12149	0.06076378662021718
12214	0.17341546560716947
12215	0.19004562764341476
