278
t_index	tf-idf
28	0.03027524429135301
110	0.05449708527833153
115	0.06616215678559578
131	0.02766832756960528
190	0.05352323311125178
212	0.22815216189550142
213	0.15256967714839154
218	0.07435796599264771
234	0.045027132916226106
245	0.038142419287097884
277	0.11596216909591639
370	0.027797310908507858
445	0.04662123407855759
474	0.030143932738539655
480	0.03393999588463261
488	0.02131154617087786
519	0.03358918592860551
521	0.1556513990456222
543	0.021765120664587204
572	0.025609109209788043
638	0.027248542639165766
670	0.015652902813469795
674	0.03411923283655385
732	0.03586227458673342
740	0.023088057836501738
767	0.06496881749254306
844	0.03393999588463261
853	0.1768435216172623
976	0.016227874711345583
1329	0.04690569648371493
1516	0.013288045545404147
1522	0.04126378226522669
1638	0.047973979809225534
1656	0.025975629357534787
1667	0.16056969933375534
1697	0.037412847460630554
1733	0.02490734603202419
1775	0.0774141705621715
1917	0.04339857867427904
1946	0.12000944673948351
1983	0.038142419287097884
2030	0.016312256577204785
2067	0.03483817571274317
2078	0.03182074066604461
2083	0.06028786547707931
2087	0.03212390454192179
2131	0.05188379968187406
2143	0.05188379968187406
2148	0.043763471116277944
2149	0.04126378226522669
2153	0.025429872257866803
2160	0.03411923283655385
2163	0.03545298624840122
2169	0.03891809908279174
2235	0.09828830359090682
2342	0.012643408610705724
2348	0.03212390454192179
2449	0.02704391268304539
2563	0.023924620635705617
2581	0.029021348072173346
2615	0.010228295385634148
2716	0.05765427542221922
2732	0.09874883125232348
2747	0.030953732555693916
2798	0.05188379968187406
2837	0.02975821997604553
2886	0.048545129913092656
2921	0.040634028168687594
2967	0.032916277084107826
3262	0.04262935646331966
3321	0.04592297108739637
3323	0.060393923308639866
3351	0.048545129913092656
3360	0.043373676055108244
3389	0.02810297519463877
3424	0.06750138112062438
3576	0.0627591699002664
3586	0.06518633197014327
3604	0.038142419287097884
3660	0.05443309471416217
3706	0.0846422540078198
3856	0.032593165985071636
3871	0.05995864546472437
3883	0.10465230378977639
3886	0.1718485883778746
3897	0.05648410343599134
3950	0.042995876611066415
3954	0.03789438028226695
4027	0.026909271593420953
4076	0.07257135813413514
4146	0.0859242941889373
4204	0.030953732555693916
4280	0.1556513990456222
4333	0.016568938675073898
4387	0.026842272844331473
4491	0.043373676055108244
4577	0.0757887605645339
4635	0.047973979809225534
4676	0.024822380203970595
4749	0.020511224445407535
4803	0.015375208933322162
4917	0.030207314576780334
4948	0.019482738604188535
4977	0.016439926841890707
5025	0.027145801343762665
5038	0.06890404693540568
5040	0.0831824040391274
5107	0.07243606736401237
5119	0.08022967158823897
5147	0.11530855084443845
5198	0.016185900266517454
5285	0.02369075617139892
5324	0.03341746965879
5362	0.01975989513995227
5374	0.027145801343762665
5398	0.033574034932856156
5433	0.03411923283655385
5443	0.23192433819183278
5444	0.13299248785950882
5445	0.02353728525863784
5487	0.036724208296039076
5552	0.05765427542221922
5561	0.05541582011048075
5772	0.0228951446420024
5978	0.028361005243386347
5983	0.04262309234175572
6027	0.04756551853182205
6049	0.03636738735548645
6251	0.025975629357534787
6321	0.047428222709557544
6329	0.06424332455706508
6330	0.04003500628632685
6372	0.03839557285694912
6378	0.020997526159375664
6476	0.0313795849501332
6590	0.03393999588463261
6598	0.051139480090085475
6599	0.03040797545602593
6607	0.02279745224214263
6626	0.020570969152858144
6633	0.03607215171715705
6743	0.04126378226522669
6746	0.016655705913614722
6749	0.0859242941889373
6837	0.036724208296039076
6984	0.04094486788923724
6993	0.04031747148558447
7064	0.0859242941889373
7070	0.02684263746788548
7185	0.02027511114637458
7194	0.10517070926450317
7196	0.03694949008739669
7248	0.03747683802479992
7446	0.029168929827644113
7497	0.04358244531526252
7586	0.06392594373724655
7716	0.043763471116277944
7731	0.29743186397059085
7791	0.018635677716996854
7793	0.0213753256034175
7802	0.04033086429281041
7819	0.0252532143445337
7830	0.051139480090085475
7851	0.060393923308639866
7928	0.03974611029486039
7934	0.0526761722240601
7943	0.02799286223095435
8055	0.018085473048668133
8113	0.021568676263242787
8181	0.05652608199960539
8281	0.008409625004335184
8284	0.02704391268304539
8309	0.027456641064312306
8342	0.029384256655501137
8360	0.042273461598065325
8430	0.02323598147111414
8432	0.045459613714162496
8440	0.026546779461401913
8665	0.023014759032795224
8676	0.03308107839279789
8678	0.050437716912321615
8683	0.0859242941889373
8698	0.047973979809225534
8711	0.02499290396121622
8736	0.0859242941889373
8742	0.06616439904898504
8793	0.024083042358305825
8829	0.02416302644023561
8846	0.014763118914385759
8868	0.051139480090085475
8883	0.039187945399135164
8898	0.024666707844976366
8941	0.03789438028226695
8956	0.024737998338111394
8957	0.08916455068784573
8958	0.0774141705621715
9091	0.06203335673801759
9116	0.06583255416821565
9294	0.05494426563326462
9297	0.01833251384111967
9390	0.03067782177236935
9401	0.007529985966393945
9459	0.0415912020195637
9524	0.023088057836501738
9531	0.01495113963570594
9534	0.021503887125274422
9556	0.050437716912321615
9574	0.026546779461401913
9608	0.04094486788923724
9614	0.020691337893003158
9631	0.03646620047196103
9752	0.048545129913092656
9770	0.06518633197014327
9805	0.1669231886384899
9826	0.04033086429281041
9887	0.05765427542221922
10004	0.0859242941889373
10051	0.05352323311125178
10124	0.025975629357534787
10145	0.058947840539087436
10275	0.0311239322069938
10282	0.02704391268304539
10321	0.025609109209788043
10349	0.026576091090808295
10417	0.022374047761808485
10440	0.04690569648371493
10523	0.04914415179545341
10532	0.030143932738539655
10547	0.13012102816532475
10576	0.0497739058919925
10594	0.037412847460630554
10705	0.02850296367235635
10716	0.023846169805498554
10737	0.04592297108739637
10757	0.03974611029486039
10800	0.022869461323367396
10803	0.028439366460630874
10829	0.050437716912321615
10836	0.026546779461401913
10853	0.020511224445407535
10942	0.014541230107201653
10944	0.05188379968187406
10952	0.051139480090085475
10954	0.0859242941889373
10965	0.01975989513995227
10990	0.00979746124507104
11021	0.015258093452392258
11025	0.029262091337567832
11034	0.05062603584046829
11069	0.060393923308639866
11096	0.029507649786141472
11198	0.034301125247153924
11209	0.07243606736401237
11219	0.04592297108739637
11229	0.04662123407855759
11252	0.05188379968187406
11272	0.03848372962180018
11301	0.06392594373724655
11327	0.05541582011048075
11448	0.0393710564550241
11559	0.039463856182459726
11581	0.03237180053303491
11585	0.015572918731540016
11588	0.019265431813535946
11761	0.11467543747823218
11877	0.016439926841890707
11925	0.015733411384929258
11953	0.07796258099105166
11971	0.02369075617139892
11976	0.02664460876908049
11998	0.06243869526668697
12084	0.0874233889151842
12085	0.02516582954038053
12122	0.03040797545602593
12148	0.02939238373521312
12203	0.05352323311125178
12214	0.018635677716996854
12223	0.05765427542221922
