346
t_index	tf-idf
28	0.051154861078434054
102	0.02293358367713585
109	0.02913459402870851
110	0.02302038259183305
115	0.027947882983584922
118	0.1938199825165447
128	0.03334024428020245
132	0.034860875589223655
182	0.045986704043995144
186	0.02929295450590498
218	0.03140991517544271
234	0.038040266610624825
322	0.02638909439139635
326	0.02186670472678455
333	0.02310791399548058
340	0.01723880297529382
342	0.041518447113437724
370	0.05870999603646843
445	0.01969350543997862
450	0.029617118693696938
457	0.038405639304642115
488	0.03600926133729867
511	0.046816939807629986
519	0.08513144221298294
543	0.018387823946813063
567	0.02186670472678455
572	0.06490602080839268
586	0.06972175117844731
590	0.018727933425641913
634	0.03243772662282205
660	0.04450240345434776
670	0.11901635789828721
673	0.023649206011876873
720	0.03334024428020245
738	0.04261128955613605
767	0.010977519458729525
885	0.01827688802541276
921	0.04320416004667613
953	0.020212234015289307
962	0.020278937845024766
976	0.027419586394360266
1020	0.024721488666323725
1026	0.0460407651836661
1172	0.023196190356199343
1178	0.10966132815247658
1199	0.059814848484583245
1240	0.04383298346671995
1386	0.049800896148540025
1388	0.045986704043995144
1557	0.029783080790710965
1565	0.03920391076015549
1566	0.04450240345434776
1589	0.03201430416775152
1615	0.03711296946495888
1645	0.05821219665152789
1693	0.053020821017171926
1773	0.06865768104206751
1805	0.10675113496516561
1875	0.07328675374863197
1917	0.018332207675350688
1982	0.03571388284340258
1990	0.024220308583038745
1993	0.09960179229708005
2018	0.030838812604280844
2030	0.09646757062249517
2073	0.22345516340086002
2087	0.08141770178588935
2117	0.03407271862478656
2153	0.064451746618856
2163	0.02995174157637734
2232	0.03731279686194378
2252	0.016185422845426404
2255	0.07759419490318237
2264	0.0186133199967481
2342	0.010681529186260842
2348	0.027139233928629783
2461	0.14045081942288998
2526	0.023375029437830368
2563	0.020212234015289307
2641	0.01707974420860172
2655	0.027269706212172506
2662	0.019079574211691572
2663	0.03334024428020245
2666	0.03243772662282205
2689	0.045695010187369885
2690	0.0608368135350743
2713	0.047719457465010384
2782	0.03287917238351657
2812	0.03264321047267952
2819	0.045218025789088775
2828	0.03731279686194378
2848	0.046816939807629986
2940	0.02767126899681969
3050	0.041518447113437724
3064	0.03382276894519087
3124	0.03962733321522602
3167	0.04320416004667613
3204	0.034860875589223655
3252	0.01827688802541276
3324	0.023557006206780737
3372	0.031025707926920217
3431	0.03287917238351657
3454	0.021635340269464225
3502	0.026033434070409048
3561	0.06402860833550304
3590	0.022023865457316466
3604	0.06444770985329933
3649	0.03287917238351657
3668	0.07202910690854432
3704	0.033107146610449854
3746	0.018670468404548626
3784	0.023557006206780737
3801	0.05956616158142193
3867	0.01768708312076076
3871	0.016884951445710155
3913	0.01632160523633976
3916	0.04320416004667613
3945	0.05646415274265623
3956	0.03222385492664966
3962	0.04450240345434776
3980	0.03334024428020245
4027	0.05683439070037734
4038	0.018112677580818134
4060	0.029198803635404474
4080	0.015918307403076613
4084	0.02881533949050833
4291	0.14612416111752508
4294	0.0275356800101673
4297	0.03237084569085281
4387	0.03401573060403127
4408	0.017328494973582784
4423	0.043578016820212416
4428	0.023542849005981085
4573	0.050932989235633455
4685	0.024928943777214572
4708	0.045218025789088775
4732	0.03962733321522602
4749	0.017328494973582784
4766	0.026510410508585963
4779	0.02929295450590498
4796	0.019756945452891427
4803	0.025978871366551862
4848	0.03445655534875855
4883	0.02310791399548058
4907	0.021635340269464225
4917	0.012760020743821852
4951	0.046816939807629986
4981	0.013674331932634027
5014	0.027401840607693274
5085	0.025248120030418084
5128	0.03632420062111248
5169	0.03029752058788455
5181	0.049800896148540025
5198	0.027348663865268054
5221	0.050281265913711286
5285	0.02001465833154481
5310	0.022593474198306998
5341	0.02383610133451625
5353	0.024220308583038745
5398	0.07091086847659564
5598	0.03697268738311493
5657	0.03407271862478656
5746	0.05400654640003395
5772	0.019342501950790125
5803	0.031216032712238148
5814	0.04383298346671995
5815	0.020212234015289307
5941	0.03140991517544271
5963	0.04383298346671995
5978	0.03194696563102627
5983	0.018004630668649334
6044	0.045186948396613996
6049	0.015362127469990827
6125	0.025917540018045884
6132	0.011889967619287603
6168	0.025140632956855643
6273	0.03140991517544271
6378	0.017739337184810605
6379	0.01433195838883005
6553	0.05839760727080895
6588	0.045218025789088775
6589	0.027947882983584922
6590	0.028673522132022632
6626	0.01737896908669639
6633	0.03047483105558948
6667	0.027010382460744213
6701	0.02186670472678455
6746	0.04221371332175648
6835	0.040692146835526674
6837	0.031025707926920217
6874	0.03962733321522602
6993	0.05109210597190434
7015	0.11179532059649132
7070	0.045354923561777304
7118	0.019820775868340246
7148	0.06531220242044139
7151	0.19087782986004154
7155	0.024026426119834177
7159	0.16185422845426403
7166	0.02913459402870851
7170	0.018670468404548626
7308	0.03459144720009724
7432	0.04729841202375375
7446	0.02464278304049718
7468	0.01507455709710408
7497	0.006136625230021852
7500	0.045218025789088775
7511	0.01433195838883005
7513	0.019567777721484762
7525	0.06918289440019448
7689	0.049800896148540025
7782	0.06119615299243792
7791	0.015743977084731884
7812	0.02688311203238259
7870	0.05240763238149275
7908	0.0900406448882613
7941	0.028978615002510175
7943	0.023649206011876873
8049	0.016788909928271853
8055	0.015279147749215996
8057	0.022510161222065325
8076	0.038405639304642115
8113	0.018221861849799036
8165	0.09599743899496192
8170	0.05240763238149275
8182	0.025577430539217027
8209	0.012440844490618346
8215	0.03459144720009724
8234	0.03601455345427216
8269	0.044528327379016096
8289	0.03571388284340258
8318	0.03432884052103376
8335	0.07328675374863197
8401	0.02580292658915207
8452	0.03243772662282205
8467	0.041518447113437724
8665	0.01944355576038294
8733	0.1326200874810061
8779	0.1593349448878136
8793	0.061038220253290004
8829	0.020413646358880325
8846	0.037416971266132866
8883	0.033107146610449854
8912	0.030838812604280844
8937	0.030655225337729724
8942	0.038040266610624825
8944	0.02580292658915207
8957	0.037664437647993446
8973	0.15279896770690038
9068	0.06531220242044139
9107	0.02580292658915207
9150	0.045986704043995144
9188	0.029453770281912015
9253	0.06119615299243792
9294	0.07595763791307128
9297	0.04646356556545406
9390	0.07775262005413766
9401	0.025446228101515728
9426	0.025466494617816728
9462	0.05102259005912392
9490	0.024824697575347554
9502	0.021114751672669706
9524	0.019505480778802906
9531	0.07578701565561766
9540	0.02186670472678455
9558	0.03407271862478656
9570	0.044528327379016096
9574	0.02242751210129297
9581	0.021260844366322793
9606	0.034860875589223655
9612	0.01827688802541276
9614	0.0524419805794511
9620	0.015918307403076613
9628	0.04383298346671995
9692	0.06119615299243792
9732	0.12603241468054535
9805	0.020145956411017813
9809	0.05240763238149275
9814	0.09543891493002077
9854	0.01210073501178949
9855	0.05589766029824566
9879	0.03876399650330894
9960	0.017228277674379275
10105	0.1308036064878637
10124	0.021944987436304544
10130	0.04101237553759485
10131	0.031025707926920217
10177	0.03802841919668481
10233	0.028524276250998612
10256	0.04205048218162763
10275	0.006573606859045653
10305	0.03802841919668481
10349	0.011226137720599636
10377	0.01896103109539451
10546	0.04006877897592053
10706	0.022264163689508048
10771	0.02302038259183305
10838	0.04450240345434776
10851	0.08105970174521283
10853	0.08664247486791392
10939	0.07295587799851404
10965	0.10016249722854101
10990	0.033108751433335
11021	0.012890493027364574
11034	0.02851359134048506
11049	0.09796830363066208
11057	0.01683681952743021
11090	0.03287917238351657
11133	0.033107146610449854
11198	0.05795723000502035
11210	0.02913459402870851
11229	0.05908051631993586
11271	0.04101237553759485
11272	0.026009763272436696
11448	0.011087281433008793
11463	0.047719457465010384
11494	0.05821219665152789
11585	0.03946940047607811
11588	0.03255202430584358
11690	0.06119615299243792
11699	0.030838812604280844
11713	0.02580292658915207
11727	0.031025707926920217
11777	0.0608368135350743
11812	0.04261128955613605
11840	0.02837714740432765
11877	0.01388894116994348
11901	0.0275356800101673
11925	0.013292055812011755
11951	0.056706791231959944
11953	0.02195503891745905
11954	0.02929295450590498
11968	0.030807735211806055
11998	0.017583358158612273
12024	0.02218344413990242
12029	0.028089006381988073
12045	0.04222950334533941
12085	0.021260844366322793
12140	0.03802841919668481
12144	0.030123190269539822
12161	0.049800896148540025
12209	0.013254607329224939
12214	0.06297590833892754
12215	0.06655033241970724
12219	0.03926090216604462
12280	0.3408903164490884
