324
t_index	tf-idf
14	0.038457522473819596
25	0.02724339336003306
75	0.023492803632092524
83	0.024672645155788726
118	0.10856522125963255
175	0.04840026434739346
176	0.18416752381790033
201	0.029975457748463934
220	0.049854645685919255
259	0.1345802550340935
300	0.03735002913666454
333	0.025887070705454866
339	0.02206201597698062
340	0.019312089857445213
342	0.04651181306181325
445	0.02206201597698062
450	0.03317912840880107
451	0.016574088285349446
457	0.043024632182806
480	0.19273228079815458
488	0.020170022583435407
489	0.05871062551256365
517	0.13421598368261833
519	0.06358005499056447
543	0.020599301984753047
583	0.04058212829521955
590	0.04196063191610135
624	0.039981584021380294
665	0.05151746104518818
670	0.08888685993382348
707	0.03386606438972575
885	0.02047502395422091
911	0.030697421905313247
917	0.05871062551256365
928	0.0930236261236265
934	0.06050183869857491
962	0.04543571504795735
976	0.06143460390617317
1026	0.025789012021507258
1070	0.1471426934043027
1108	0.0345477537485827
1117	0.026808954533592902
1172	0.07795789182427684
1178	0.04095004790844182
1199	0.10051304580711937
1202	0.03434208669656063
1225	0.03518754203248517
1267	0.12002742573574303
1337	0.08132187783844985
1433	0.08132187783844985
1516	0.01257628970659897
1580	0.08378133962666778
1615	0.041576494737546606
1689	0.023492803632092524
1720	0.02983629578469506
1733	0.023573218382712684
1882	0.03905354466044827
1893	0.024851416144809794
1959	0.01675217430118656
1974	0.043024632182806
1983	0.03609937318667744
2008	0.05871062551256365
2030	0.09263107826459323
2056	0.049104715486475256
2073	0.025032980543325457
2087	0.030403231885825947
2153	0.02406775621169878
2167	0.025985963941425612
2213	0.024672645155788726
2239	0.03683350476358006
2255	0.043463170457194535
2264	0.02085191813130833
2342	0.011966181860517327
2359	0.011358278399756188
2419	0.03789058637268871
2440	0.029975457748463934
2615	0.019360861691039927
2825	0.05470917856241447
2828	0.04180035509792561
2922	0.02758022520751853
2967	0.031153162085269956
3018	0.06050183869857491
3068	0.07470005827332908
3163	0.04439325752258762
3251	0.04183187939742543
3267	0.02494184372249431
3268	0.038457522473819596
3321	0.043463170457194535
3322	0.08283868224925596
3382	0.05177414141090973
3542	0.04773609014669363
3600	0.03936342662707276
3633	0.037617164696691074
3661	0.03698232639328229
3746	0.020915939698712714
3784	0.026390174613036915
3856	0.030847357986765626
3867	0.019814284033164573
3898	0.01054155696613815
3913	0.018284582020786706
3967	0.03905354466044827
3980	0.03735002913666454
3993	0.03708889713403798
4038	0.020291064147609776
4080	0.035665560234922435
4084	0.04842138050226208
4125	0.08783782127430248
4156	0.029975457748463934
4234	0.0732675872504562
4275	0.05448678672006612
4294	0.030847357986765626
4368	0.04651181306181325
4387	0.012702251754045286
4428	0.01318715737268359
4529	0.020230385758606674
4573	0.028529314542214558
4607	0.18150551609572474
4641	0.055790380734687284
4676	0.023492803632092524
4692	0.06050183869857491
4747	0.0732675872504562
4766	0.029698780746744157
4796	0.022133085832102543
4845	0.034757126712002526
4917	0.057178602839354616
4981	0.015318924834980301
5083	0.04141934112462798
5085	0.028284676346600323
5157	0.03936342662707276
5198	0.015318924834980301
5221	0.028164261952043655
5285	0.02242179348060389
5353	0.027133251444491524
5374	0.025691773921938315
5398	0.06355137608346165
5406	0.024152264839383927
5433	0.03229168317140617
5436	0.0732675872504562
5523	0.06855612928656857
5566	0.04594487696068236
5736	0.038751712493306896
5747	0.03146723215253059
5766	0.04141934112462798
5772	0.03250319667875039
5803	0.03497034159481235
5815	0.022643131317319598
5912	0.1451730327302216
5942	0.06050183869857491
5978	0.00894729570004523
5980	0.0223489412978323
5983	0.020170022583435407
6005	0.06050183869857491
6025	0.02104505086135198
6027	0.015005912370804874
6049	0.017209709196582646
6184	0.05626399183679777
6219	0.04069286176077055
6259	0.032815977444538874
6265	0.03434208669656063
6305	0.0732675872504562
6379	0.016055643111353223
6405	0.07675641108815763
6415	0.043024632182806
6421	0.026841126398086248
6519	0.06050183869857491
6527	0.04069286176077055
6532	0.03789058637268871
6607	0.04315267628935869
6626	0.019469113552318607
6635	0.03761617759748355
6664	0.04840026434739346
6667	0.060517767261849424
6668	0.04105042489848161
6701	0.024496582922555712
6716	0.02144122167936348
6743	0.07810708932089654
6746	0.04729069797099982
6748	0.0732675872504562
6962	0.03054939588963145
6993	0.019078960856497875
6994	0.03936342662707276
7057	0.08132187783844985
7118	0.022204593042931063
7159	0.03626404232586152
7170	0.020915939698712714
7171	0.0326385711727769
7173	0.026186311750924406
7195	0.05995091549692787
7196	0.03497034159481235
7224	0.023654193519390167
7237	0.01318715737268359
7243	0.03413999664474818
7248	0.017734721433513612
7426	0.050656334924569994
7432	0.02649346316058905
7445	0.02559525508662936
7446	0.09202178772653385
7468	0.03377510626900132
7486	0.06521329666246255
7497	0.013749337240351807
7546	0.025691773921938315
7550	0.03683350476358006
7562	0.02983629578469506
7618	0.021307658311265035
7655	0.0571590060744689
7692	0.04651181306181325
7703	0.040345973759399814
7714	0.04180035509792561
7731	0.03518754203248517
7795	0.06749212901986393
7797	0.03817059715296791
7908	0.02521742703650193
7909	0.009510794473806226
7941	0.032463832765815805
8049	0.018808088798741775
8113	0.02041337985691979
8123	0.03815792171299575
8165	0.02150858352070378
8181	0.035665560234922435
8281	0.007959175035711483
8412	0.028045082598683796
8433	0.040345973759399814
8513	0.05690955945784662
8621	0.06855612928656857
8676	0.031309136039079116
8733	0.02476168685654523
8737	0.05345861031265183
8779	0.0764991159979828
8793	0.06837920219631594
8838	0.043024632182806
8852	0.03497034159481235
8874	0.05244754811058127
8942	0.021307658311265035
8973	0.028529314542214558
8983	0.0715284861182356
9050	0.06855612928656857
9188	0.03299613431048796
9288	0.03789058637268871
9294	0.07563818443459427
9297	0.03470111602618596
9314	0.15621417864179307
9320	0.0732675872504562
9376	0.08132187783844985
9382	0.050656334924569994
9390	0.08710381963813298
9401	0.014253305300078222
9426	0.028529314542214558
9490	0.05562065892232788
9502	0.023654193519390167
9519	0.042748496185733786
9531	0.042450907364812246
9540	0.048993165845111424
9545	0.0732675872504562
9570	0.02494184372249431
9574	0.025124837820807426
9581	0.023817856578326923
9588	0.0326385711727769
9614	0.019583034906855624
9625	0.04069286176077055
9732	0.020170022583435407
9754	0.03518754203248517
9844	0.03658360513020821
9854	0.013556073598829963
9960	0.09650149346606794
10073	0.028529314542214558
10107	0.08210084979696322
10124	0.02458428058478325
10138	0.03735002913666454
10275	0.014728410845155459
10278	0.027354589281207237
10282	0.02559534278685382
10375	0.0326385711727769
10385	0.02792711320888926
10534	0.024851416144809794
10609	0.02373573690728859
10696	0.20566838785970568
10715	0.09970929137183851
10716	0.02256888259766884
10734	0.05345861031265183
10744	0.03936342662707276
10771	0.025789012021507258
10821	0.06855612928656857
10853	0.01941256898774984
10919	0.06855612928656857
10965	0.14961186880519445
11034	0.04791432203109802
11057	0.0377235208376501
11090	0.03683350476358006
11092	0.05244754811058127
11104	0.10303492209037636
11110	0.03708889713403798
11133	0.03708889713403798
11176	0.055790380734687284
11198	0.032463832765815805
11272	0.02185344102232892
11420	0.06521329666246255
11448	0.02484146673245452
11585	0.029477553621556667
11588	0.03646701104114667
11660	0.03658360513020821
11703	0.03817059715296791
11708	0.06050183869857491
11869	0.03146723215253059
11901	0.030847357986765626
11908	0.05585422641777852
11940	0.07691504494763919
11951	0.02117561274156723
11964	0.05871062551256365
11971	0.02242179348060389
11977	0.02559534278685382
12010	0.021782005196701416
12066	0.04840026434739346
12076	0.030999254072454623
12078	0.047107835248441914
12124	0.014258395188727901
12133	0.01744541474466729
12148	0.009272673741685441
12153	0.04840026434739346
12200	0.04540431972465818
12209	0.014848720536686863
12214	0.03527496666788933
12215	0.29821699373771754
12223	0.054566103649806894
12280	0.04773609014669363
