325
t_index	tf-idf
6	0.03626040280859264
14	0.07197025195529384
25	0.025491942253606396
72	0.038076757488711456
78	0.023596223322976673
89	0.03252262503919496
115	0.029296302313404
118	0.06095140163766728
175	0.0452886587033276
176	0.1723275738859683
186	0.030706270359076145
190	0.047399688710250895
201	0.02804836489533159
218	0.032925369379806634
220	0.04664953928844636
259	0.025185644420035416
300	0.0349488323036574
316	0.04200200290293903
326	0.04584344314380322
333	0.024222816255576776
334	0.03626040280859264
340	0.018070534493866506
358	0.034231680946770086
370	0.1600107980863784
386	0.019511368714443988
407	0.041095406838929864
474	0.026695192821024706
488	0.018873311564233435
491	0.01870560354966555
517	0.06279368469875761
519	0.029746277728352373
520	0.0349488323036574
587	0.05661223467865417
613	0.058594590354883055
621	0.03841133324210936
638	0.02413106166848763
640	0.0365428304809962
670	0.11089654755767074
692	0.03841133324210936
732	0.06351860876264431
856	0.041539258427163425
928	0.0435216141033923
955	0.02154162250357373
976	0.014371258330899127
980	0.038756532204994
1017	0.04025862067152617
1070	0.13768303359761946
1117	0.025085433074298946
1154	0.041095406838929864
1172	0.12157675871077978
1180	0.052203671737962865
1199	0.04702558021292822
1267	0.11231097996012926
1301	0.024887739372712686
1307	0.0490757465529088
1328	0.03104607470312289
1340	0.023509586577377513
1348	0.047399688710250895
1534	0.0337785798011563
1585	0.08598225153911916
1625	0.020317133879222425
1657	0.044667183612217484
1735	0.044667183612217484
1811	0.04664953928844636
1882	0.0365428304809962
1883	0.017548944948553573
1946	0.030365507180336825
1959	0.04702558021292822
1974	0.04025862067152617
2029	0.03470448822200967
2030	0.1300138752983582
2147	0.034231680946770086
2163	0.031396842349378805
2167	0.04863070348431191
2213	0.023086464936404844
2223	0.044667183612217484
2238	0.0365428304809962
2342	0.011196887735430395
2359	0.02125613158687793
2474	0.04594782136785474
2615	0.018116170833993757
2664	0.02613170642227476
2723	0.03713069548647211
2793	0.037436993320043084
2806	0.024408681534469834
2812	0.017109084130797828
2817	0.038756532204994
2828	0.03911305116270098
2862	0.06414872280439955
2879	0.018929794049927295
2950	0.0490757465529088
2958	0.054936176835996275
2959	0.036832790439149374
2960	0.0490757465529088
3068	0.1397953292146296
3160	0.0452886587033276
3173	0.030706270359076145
3175	0.12461777528149028
3251	0.01957127439791337
3252	0.038317409390558665
3267	0.07001507097185582
3268	0.03598512597764692
3355	0.0490757465529088
3382	0.024222816255576776
3424	0.014944652381046966
3454	0.022679194326091473
3466	0.03037676471723886
3530	0.029296302313404
3541	0.03334360763689091
3572	0.013581463089253275
3580	0.026929026651448286
3590	0.04617292987280969
3604	0.0337785798011563
3633	0.03519879397987323
3639	0.044667183612217484
3661	0.01730238440495857
3729	0.051058102229137675
3734	0.03911305116270098
3740	0.017801226661915682
3746	0.03914254879582674
3784	0.04938715221027152
3801	0.09366013223774589
3839	0.052203671737962865
3858	0.02681148113855731
3898	0.009863850581775318
3913	0.017109084130797828
3941	0.029594207360726734
3993	0.03470448822200967
4004	0.01764915629429004
4080	0.083431640649157
4084	0.015102805773752673
4139	0.039863200584505515
4140	0.044667183612217484
4358	0.020381661392323454
4387	0.011885636415613536
4406	0.029296302313404
4529	0.07571917619970918
4607	0.11322446935730834
4616	0.07609377387083624
4676	0.0219824742700074
4685	0.07839511926682428
4749	0.018164553919184343
4796	0.02071017139714299
4870	0.051058102229137675
4904	0.061020797619345486
4907	0.022679194326091473
4909	0.04248532042940276
4917	0.013375661600410796
4981	0.0716704307205622
5081	0.035716646804968714
5083	0.11626959661498201
5085	0.07939884652701802
5123	0.058594590354883055
5148	0.058594590354883055
5154	0.02252046371075697
5189	0.058594590354883055
5226	0.0571708102297944
5235	0.037436993320043084
5270	0.020577573972758265
5313	0.10819142736075746
5398	0.1337978706490856
5406	0.02259953936144451
5433	0.0604313649036737
5445	0.08337762347239626
5566	0.04299112576955958
5568	0.06855728574509087
5672	0.0490757465529088
5687	0.06414872280439955
5755	0.061020797619345486
5772	0.010137865987573762
5777	0.049005638773971696
5815	0.02118742655710189
5901	0.0490757465529088
5912	0.13584000048132147
5918	0.058594590354883055
5954	0.041095406838929864
5978	0.008372082812785736
6025	0.019692085130218268
6044	0.07105066786050976
6049	0.032206627657789796
6113	0.2203965930337079
6150	0.021048916989151824
6179	0.020777081479344102
6184	0.017548944948553573
6221	0.0166863281298314
6329	0.02844665212382649
6379	0.015023441523241764
6405	0.03591090825572203
6490	0.058594590354883055
6553	0.030607576931496207
6603	0.06855728574509087
6635	0.035197870340308066
6701	0.02292172157190161
6716	0.020062786513920676
6740	0.04504092742151394
6743	0.0730856609619924
6746	0.04425042526376405
6747	0.05348430949360011
6759	0.018929794049927295
6836	0.06504525007838992
6934	0.037436993320043084
6950	0.022441959008374476
6976	0.04407931860674158
6985	0.036832790439149374
6993	0.03570478625663176
7061	0.06414872280439955
7118	0.18699373331409694
7159	0.01696633126124047
7170	0.03914254879582674
7196	0.03272213254578079
7221	0.031396842349378805
7227	0.010922306121981938
7299	0.06414872280439955
7342	0.028723914682847265
7359	0.02818015867922334
7445	0.011974880588698611
7446	0.11193753612616245
7468	0.015801868864873232
7497	0.045028920301356315
7525	0.07252080561718528
7538	0.0230037812372207
7550	0.03446551477719366
7562	0.027918149518068827
7585	0.06414872280439955
7617	0.061020797619345486
7724	0.03911305116270098
7791	0.016503586785464857
7812	0.02818015867922334
7997	0.041095406838929864
8049	0.035197870340308066
8113	0.057303070910058596
8165	0.02012581772838248
8181	0.0500589843894942
8196	0.033558918713184484
8281	0.014894974918532436
8284	0.023949843239460047
8309	0.04863070348431191
8318	0.03598512597764692
8414	0.03911305116270098
8430	0.020577573972758265
8440	0.023509586577377513
8485	0.04664953928844636
8602	0.11322446935730834
8711	0.04426697711868247
8723	0.035716646804968714
8784	0.02469357610513576
8859	0.09189564273570948
8898	0.032766918365945814
8900	0.029900505194297707
8942	0.07975123921635957
8966	0.03948165778596059
8967	0.061020797619345486
9009	0.0365428304809962
9118	0.054936176835996275
9217	0.058594590354883055
9286	0.03252262503919496
9294	0.035387739777728765
9297	0.01623510761278665
9314	0.0365428304809962
9382	0.047399688710250895
9389	0.03808729393008602
9390	0.054336000192528586
9401	0.020005461369892383
9531	0.02648118670719745
9644	0.06855728574509087
9675	0.06414872280439955
9769	0.034231680946770086
9805	0.021117951214998654
9826	0.035716646804968714
9879	0.04063426775844485
9891	0.051058102229137675
10097	0.05362296227711462
10133	0.06414872280439955
10138	0.0698976646073148
10237	0.0337785798011563
10275	0.006890767860491618
10278	0.025595989497793206
10419	0.04025862067152617
10433	0.08298691756238356
10447	0.02646628217567267
10456	0.03470448822200967
10521	0.050021808555148144
10532	0.05339038564204941
10553	0.09215856825401084
10609	0.111048948013035
10737	0.04066896574928396
10750	0.12150705886895544
10800	0.020252987061629035
10853	0.018164553919184343
10854	0.03545463764381421
10934	0.025388881254061257
10942	0.01287758120128567
11003	0.031759304381322156
11009	0.06855728574509087
11079	0.029150355772493173
11099	0.024502819386985848
11115	0.06940897644401935
11116	0.04820545387502933
11117	0.032134267540304885
11171	0.013240593353598725
11189	0.0490757465529088
11272	0.02726467290481105
11351	0.09479937742050179
11448	0.011622216569533954
11585	0.08274741161290454
11660	0.10269504284031024
11699	0.03232671245876014
11722	0.03911305116270098
11877	0.014559049770128748
11878	0.018650270839687323
11893	0.025085433074298946
11905	0.03570478625663176
11925	0.013933366103760073
11953	0.011507158839297637
11990	0.052203671737962865
12010	0.020381661392323454
12029	0.029444234582389883
12103	0.031396842349378805
12124	0.01334173691128284
12148	0.05205925571071168
12149	0.026022430587439107
12209	0.006947055410073584
12214	0.06601434714185943
12215	0.255791172047802
12219	0.04115514794551653
