337
t_index	tf-idf
22	0.1464444715127608
83	0.01821072895303808
110	0.019034712529804394
149	0.024090330375558862
158	0.022021987997921464
187	0.026644727240480514
191	0.024354245547334685
229	0.05407835941530905
234	0.01572705268041992
270	0.031756218680160896
307	0.04117853984974191
310	0.022021987997921464
316	0.03313140805476882
333	0.019107089046533188
340	0.007127067886114702
349	0.050600861019322915
370	0.009709029749806137
430	0.0421887138681193
443	0.03802472388018376
451	0.024466467012549533
490	0.041933109898536214
491	0.014755081693290768
543	0.015204219194880452
767	0.036307637608313445
772	0.07477826388219469
852	0.05162279181313204
885	0.015112490338304765
909	0.0421887138681193
911	0.02265757993700788
996	0.0421887138681193
1067	0.03802472388018376
1085	0.04117853984974191
1101	0.025198523361783576
1138	0.02212470259486742
1142	0.12004636437780786
1242	0.0402749083981729
1268	0.03207990110658889
1269	0.03523371707614703
1450	0.13501067942747258
1516	0.027847448253195045
1528	0.013162266272938313
1546	0.03479849751072482
1615	0.015343678630769644
1676	0.02212470259486742
1761	0.03351265154513987
1848	0.031756218680160896
1861	0.05552999979919139
1883	0.02768540621097468
1890	0.02613507833299402
1893	0.018342678730014685
1904	0.07743418771969807
1906	0.02700213588549451
1973	0.03679741000218677
1990	0.1802419870651366
2007	0.050600861019322915
2067	0.01216825920814057
2083	0.04211462622379927
2092	0.019478426973145464
2113	0.028385262850983157
2126	0.03085258722859189
2153	0.01776426411159294
2167	0.019180081541021746
2252	0.013383134264037802
2264	0.015390673632377188
2304	0.05955823446084245
2342	0.008832165869881
2343	0.04117853984974191
2348	0.022440440077388282
2359	0.01676695206412251
2363	0.05513565754309
2368	0.014887370686211982
2465	0.04005377490336369
2615	0.0071450669826146505
2655	0.022548322837391752
2664	0.020612831979572723
2732	0.022993958985050616
2740	0.02212470259486742
2741	0.045337471014914296
2747	0.021623005997950126
2765	0.015485443285416008
2766	0.03433008562457803
2767	0.029779117230421225
2772	0.03351265154513987
2799	0.050600861019322915
2813	0.031756218680160896
2859	0.05407835941530905
2879	0.059727697511014706
2884	0.019946355720708388
2917	0.047418173770375625
2942	0.04465603824572804
3128	0.034770005966404255
3136	0.019402862023228374
3153	0.03679741000218677
3251	0.015437927560919842
3252	0.015112490338304765
3274	0.06002318218890393
3283	0.02322577218671716
3343	0.0861434751185451
3344	0.08976176030955313
3382	0.05732126713959956
3424	0.011788422981097715
3553	0.05955823446084245
3618	0.06866017124915606
3702	0.015204219194880452
3722	0.02718658528117395
3740	0.014041704291442008
3748	0.05407835941530905
3800	0.019107089046533188
3858	0.04229808393695065
3871	0.013961548882459547
3883	0.018276450089452743
3898	0.007780658921701071
3937	0.03679741000218677
3941	0.04668814305791457
3944	0.05857778860510432
4004	0.0556870014375051
4027	0.056393135143048626
4038	0.014976710726702695
4060	0.02414342295124625
4078	0.02682156992494342
4122	0.019034712529804394
4126	0.037389131941097345
4152	0.06782326709022242
4156	0.02212470259486742
4184	0.03802472388018376
4194	0.04465603824572804
4208	0.02613507833299402
4220	0.04813353664171418
4247	0.0357239400040161
4267	0.021430266059010883
4284	0.4035525646993314
4294	0.022768246844523037
4297	0.013383134264037802
4333	0.023148759827666548
4387	0.009375454570257106
4428	0.00973336045076038
4479	0.02078787002092862
4491	0.03029906832092956
4524	0.020190255559399146
4529	0.014931924377753676
4547	0.022440440077388282
4554	0.17295109915685627
4586	0.0421887138681193
4591	0.04813353664171418
4781	0.03029906832092956
4796	0.016336295700673197
4917	0.010550794530198537
4977	0.011484257546919771
4981	0.03392041504998558
4989	0.01868171759086659
5103	0.043333954714692216
5221	0.02078787002092862
5318	0.037389131941097345
5343	0.026644727240480514
5361	0.04621973117176778
5368	0.04813353664171418
5400	0.03624389109452443
5404	0.03207990110658889
5468	0.23671456950991582
5469	0.09526865604048268
5597	0.03836016308204349
5635	0.03802472388018376
5662	0.1325256322190753
5772	0.023990411286936412
5812	0.0127715476576841
5819	0.03802472388018376
5840	0.0421887138681193
5854	0.06002318218890393
5968	0.019327957037632675
5971	0.02212470259486742
5983	0.029774741372423964
5998	0.03114334613537845
6027	0.04430308970153596
6036	0.05681719238494031
6038	0.029597903386933213
6084	0.020966554949268107
6089	0.019253700588188705
6115	0.06002318218890393
6184	0.01384270310548734
6227	0.03207990110658889
6320	0.13396811473718412
6378	0.014668009205977852
6421	0.01981127173610333
6607	0.015925363627242235
6626	0.014370034003995327
6635	0.013882135663844629
6743	0.02882518319280938
6746	0.023269983884637257
6793	0.028602402710602756
6874	0.032766392698538295
6891	0.019709200528003724
6920	0.011976238508275457
6950	0.0177023391758973
6963	0.037389131941097345
6966	0.027375088832605757
6980	0.06002318218890393
7010	0.012599666828340454
7069	0.025051911820128062
7106	0.050600861019322915
7144	0.030705171143033012
7171	0.048180660751117724
7185	0.014163359754380189
7196	0.10324558362626408
7227	0.017231148803199654
7277	0.029336018411955704
7321	0.050600861019322915
7345	0.04981552890999404
7446	0.04075243226206105
7497	0.020296603966617144
7517	0.022993958985050616
7520	0.045337471014914296
7538	0.018145507601963987
7577	0.40108363397169455
7618	0.01572705268041992
7719	0.039457474318734746
7726	0.032766392698538295
7791	0.026036237815614545
7793	0.059727697511014706
7869	0.019554663620312728
7909	0.04211915646585666
7913	0.04157574004185724
7925	0.025499486393907603
7988	0.038711215472133166
8009	0.026644727240480514
8049	0.013882135663844629
8123	0.014082064678086974
8128	0.026841009965148026
8158	0.06317193933569891
8178	0.05407835941530905
8209	0.030860638075268145
8281	0.005874618564403195
8283	0.0686274084764797
8331	0.027375088832605757
8338	0.04813353664171418
8342	0.06157990382232563
8397	0.03085258722859189
8471	0.023961357022812872
8472	0.015250454165796337
8515	0.02928889430255216
8590	0.0741779584077413
8676	0.023109082409337612
8760	0.04117853984974191
8784	0.019478426973145464
8829	0.016879297664854083
8862	0.05407835941530905
8898	0.017231148803199654
8906	0.05688882504420645
8925	0.041225663959145446
8941	0.02647145738103675
8944	0.021335496405972064
8952	0.025347684796823245
8956	0.017280949413122287
8992	0.03802472388018376
9055	0.014539035853231862
9082	0.056346970042262946
9097	0.05407835941530905
9107	0.021335496405972064
9116	0.022993958985050616
9223	0.02942286990215884
9229	0.012498167817298943
9294	0.04884957239985012
9401	0.005260138867674806
9404	0.032766392698538295
9419	0.07742243094426633
9476	0.03679741000218677
9524	0.016128368757513962
9531	0.041777007853560554
9536	0.021241762507579077
9574	0.018544489601935325
9608	0.028602402710602756
9676	0.028602402710602756
9760	0.02078787002092862
9777	0.01506699120594919
9854	0.010005655267887154
9979	0.03207990110658889
10051	0.037389131941097345
10063	0.02647145738103675
10101	0.023961357022812872
10175	0.030593879467968408
10233	0.023585680923961197
10269	0.016495617303793408
10275	0.010870950241311425
10342	0.03523371707614703
10349	0.009282482751065014
10417	0.10940713455382936
10441	0.050600861019322915
10450	0.031756218680160896
10464	0.050600861019322915
10509	0.06415980221317778
10553	0.029078071706463725
10575	0.14371486209930548
10580	0.02700213588549451
10599	0.024765999800350654
10626	0.03624389109452443
10642	0.028602402710602756
10658	0.0622866922707569
10708	0.03679741000218677
10773	0.023344071528957285
10800	0.01597566621328508
10933	0.017952767663024748
10941	0.02718658528117395
10942	0.020315812011353445
10965	0.09662415711995305
11006	0.03114334613537845
11025	0.020441294934830167
11057	0.013921750359376275
11065	0.039457474318734746
11099	0.019327957037632675
11171	0.010444251963390138
11176	0.04117853984974191
11229	0.03256767894788346
11272	0.0053766305238855975
11448	0.00916766756470989
11559	0.027567828771545
11660	0.02700213588549451
11695	0.06002318218890393
11719	0.017640858150366322
11761	0.060080662355045535
11823	0.07671839315384822
11905	0.014082064678086974
11922	0.02490776445499702
11925	0.010990714872024764
11935	0.03679741000218677
11951	0.09377754390328231
11953	0.009076909402078361
11976	0.018612829137495474
11977	0.018891766448565567
12010	0.01607716522432659
12060	0.02182017712600082
12076	0.045760720838429025
12084	0.020356796060840218
12124	0.010524034551127376
12144	0.02490776445499702
12151	0.04813353664171418
12228	0.04621973117176778
12235	0.02182017712600082
12240	0.07359482000437353
