307
t_index	tf-idf
14	0.03958707678642147
83	0.025397317234131498
115	0.03222873166983915
118	0.04470157694912015
175	0.049821851693845294
191	0.03396527957550015
201	0.06171176255071519
300	0.03844705473200406
316	0.13861864886633962
326	0.025216083792717565
340	0.009939657249285928
369	0.025674422560878
370	0.04062165373401643
425	0.03791535927415773
459	0.06114215572180031
488	0.020762445977581676
543	0.021204333949807638
583	0.08354817084605105
613	0.06445964783028793
624	0.020577951137838134
670	0.06099839898075604
704	0.08371042166323307
707	0.03486076078776618
740	0.022493185136078876
767	0.012658974178603434
854	0.06712870763398876
885	0.021076405689715215
955	0.023697842955525503
962	0.023385114598501715
976	0.0474292718121537
1070	0.09087869515758439
1091	0.03791535927415773
1108	0.035562472371291294
1117	0.027596373177900587
1157	0.03791535927415773
1172	0.16049526080917464
1199	0.13795368349108794
1235	0.07531623943791904
1251	0.056168790815665774
1340	0.025862791466501465
1436	0.0418880712942313
1460	0.029887395881631643
1516	0.012945673935244744
1529	0.070569724196216
1555	0.20138612290196628
1580	0.028747373827214227
1585	0.18917738379256274
1610	0.18130513024547326
1799	0.08371042166323307
1864	0.04569715315234954
1868	0.070569724196216
1889	0.0345395264062183
1893	0.025581338991497157
1959	0.017244210436385993
2022	0.07541956464861091
2030	0.09535179003186743
2041	0.042256136590122305
2131	0.050546993604744454
2136	0.056168790815665774
2188	0.03324013766460099
2213	0.025397317234131498
2252	0.018664585441212585
2356	0.056168790815665774
2359	0.023383775669834107
2406	0.07541956464861091
2419	0.039003488933518536
2445	0.03599747224755971
2522	0.047294345948140686
2581	0.02827360186416136
2630	0.03622105218332006
2655	0.03144667682856885
2806	0.026851881823634224
2812	0.01882162723709679
2817	0.08527177686289371
2818	0.07541956464861091
2917	0.033065518821762806
2933	0.09139430630469908
3173	0.03377983123595143
3267	0.051348845121756
3322	0.042635888431446854
3381	0.056168790815665774
3382	0.026647412258291044
3522	0.049138169714576775
3530	0.03222873166983915
3614	0.04620621628877987
3651	0.05329482451658209
3661	0.0951713800380678
3729	0.11233758163133155
3829	0.06445964783028793
3860	0.03958707678642147
3871	0.03894252525113817
3908	0.04428832926218187
3992	0.03844705473200406
4004	0.01941575821831541
4038	0.04177408542302553
4057	0.05848137641569548
4060	0.016835629517958323
4084	0.04984358806141257
4139	0.043853329385913443
4147	0.01941575821831541
4162	0.06043504341515775
4169	0.03958707678642147
4185	0.05742902672919894
4275	0.02804357211519555
4387	0.013075335674318726
4406	0.03222873166983915
4428	0.0135744836881376
4480	0.04343359585287853
4529	0.04164916421696617
4573	0.029367262704337364
4685	0.028747373827214227
4791	0.04343359585287853
4803	0.01497906075479192
4804	0.07541956464861091
4909	0.046737911746626205
4971	0.033065518821762806
4981	0.015768864313623406
4989	0.026054174402202552
5073	0.08371042166323307
5081	0.03929172404454225
5084	0.18482486515511948
5310	0.026054174402202552
5314	0.05303060506889657
5366	0.050546993604744454
5398	0.09812696098447635
5433	0.06648027532920198
5435	0.08371042166323307
5444	0.09717441389988662
5445	0.06879251412211368
5509	0.08371042166323307
5566	0.09458869189628137
5736	0.03988990760187951
5772	0.01115262121215939
5812	0.017811645446456383
5912	0.08966218764489493
5918	0.1933789434908638
5980	0.023005362757177163
6025	0.04332635026032353
6036	0.019809809138808174
6044	0.052108348804405104
6120	0.025126486532580476
6132	0.013711184356617159
6150	0.0231558198139467
6179	0.02285677478054265
6200	0.02862715996809848
6202	0.03715966516708244
6228	0.0191420350995088
6329	0.015647017640594847
6332	0.08371042166323307
6379	0.016527221095358084
6405	0.039505430201146795
6453	0.03493826927291319
6527	0.0418880712942313
6626	0.040081900423194226
6635	0.05808153055011462
6701	0.05043216758543513
6716	0.022070982071023267
6740	0.024774661807140656
6746	0.0324531304746406
6760	0.05131895036327086
6772	0.04020060502617072
6837	0.035777994928303226
6902	0.08086632736750421
6920	0.03340495918100523
7069	0.06987653854582639
7085	0.049821851693845294
7118	0.02285677478054265
7155	0.027706615232937562
7170	0.021530271781724175
7196	0.03599747224755971
7221	0.0345395264062183
7248	0.01825561643114783
7339	0.033065518821762806
7342	0.03159905058725735
7371	0.04084731269995463
7432	0.02727161535666914
7445	0.013173512791576953
7446	0.01894492074591649
7497	0.014153175609966737
7511	0.016527221095358084
7513	0.06769507278220632
7562	0.03071263191889638
7618	0.021933495749267475
7731	0.03622105218332006
7757	0.07541956464861091
7791	0.036311044609564504
7801	0.056168790815665774
7909	0.009790140573687498
7912	0.056168790815665774
7915	0.070569724196216
7928	0.03872203645851422
7993	0.034345031416824705
8049	0.01936051018337154
8055	0.03523898774318861
8081	0.03324013766460099
8085	0.09041774799468558
8123	0.0392786763081515
8181	0.018356555243668887
8215	0.03988990760187951
8269	0.077023267682634
8277	0.04084731269995463
8278	0.0345395264062183
8281	0.016385895555792705
8284	0.02634711585926366
8335	0.042256136590122305
8347	0.041184269582212614
8369	0.02827360186416136
8375	0.05303060506889657
8412	0.02886880815246029
8452	0.03740629613772739
8455	0.046737911746626205
8594	0.141139448392432
8639	0.034153648481123615
8665	0.02242177490427423
8710	0.025488974221329282
8711	0.02434895216691187
8731	0.03071263191889638
8794	0.042635888431446854
8824	0.028158034025030112
8829	0.023540456759811163
8836	0.03396527957550015
8838	0.04428832926218187
8846	0.014382741470884208
8874	0.053988010166971696
8883	0.038178252896253796
8888	0.043853329385913443
8898	0.012015580309605848
8942	0.021933495749267475
8983	0.01840734588601438
8990	0.04153099467922314
8992	0.05303060506889657
9138	0.03493826927291319
9158	0.03514273883825638
9177	0.06712870763398876
9186	0.027165293071714672
9229	0.01743038039388309
9294	0.03892989488904535
9314	0.08040121005234144
9390	0.029887395881631643
9404	0.04569715315234954
9475	0.07541956464861091
9531	0.014565917765920497
9534	0.020949831193225583
9540	0.025216083792717565
9574	0.025862791466501465
9587	0.03765811971895952
9606	0.04020060502617072
9613	0.062278867181593846
9631	0.017763317387580396
9642	0.08371042166323307
9646	0.241740173660631
9725	0.06445964783028793
9777	0.021012951014106555
9800	0.07541956464861091
9805	0.02323176405827662
9854	0.01395423552946215
9960	0.019867177010407962
9961	0.04520887399734279
10053	0.141139448392432
10054	0.058837850619366604
10097	0.029495190964429787
10107	0.042256136590122305
10180	0.06712870763398876
10269	0.023005362757177163
10275	0.015161006054564568
10433	0.060862358887784136
10450	0.04428832926218187
10534	0.025581338991497157
10575	0.05010743877150785
10609	0.14659734362827886
10626	0.050546993604744454
10744	0.0405195886844613
10830	0.04520887399734279
10851	0.046737911746626205
10852	0.028158034025030112
10853	0.019982744849539207
10934	0.027930195168697904
10975	0.028390297212206074
10990	0.02863507765047228
11003	0.03493826927291319
11034	0.04932163653302585
11057	0.01941575821831541
11095	0.049138169714576775
11131	0.04428832926218187
11171	0.014565917765920497
11272	0.0224953089057519
11448	0.025571097350186124
11483	0.058837850619366604
11585	0.03034335296785749
11587	0.070569724196216
11588	0.018769050544531506
11703	0.03929172404454225
11749	0.08371042166323307
11869	0.032391471299962206
11878	0.02051707987007963
11964	0.06043504341515775
11968	0.017763317387580396
11971	0.02308035471630299
12010	0.02242177490427423
12018	0.06648027532920198
12066	0.049821851693845294
12103	0.0690790528124366
12144	0.03473723633402656
12148	0.03818010353396304
12214	0.036311044609564504
12215	0.1279066949574858
12219	0.02263729746128616
