319
t_index	tf-idf
102	0.0206908650081371
198	0.03051517618435097
208	0.031177181873044094
228	0.018116428571815085
322	0.0238084547721048
333	0.020848147233823115
340	0.007776493859075379
343	0.024140728924170456
368	0.06549255811124766
369	0.10043454435731054
370	0.031781180465831387
386	0.033586176223294184
388	0.06732781529615164
451	0.013347938697696566
473	0.027494639494377308
477	0.03844425068671881
491	0.016099580362013765
499	0.039546472831370194
583	0.0163414044676433
590	0.016896493275826725
601	0.06549255811124766
621	0.033059951511400835
650	0.03398116081434667
673	0.021336505276722616
677	0.043944800700355564
707	0.027274028207384633
767	0.029712020996249817
936	0.022030013026355943
962	0.018295822029686902
993	0.03897914324689477
1026	0.020769175692247194
1065	0.02733466855379248
1071	0.05043132202032493
1172	0.02092779088170456
1217	0.03500305566629467
1324	0.06549255811124766
1333	0.043052881161980694
1340	0.04046856626414246
1437	0.05251951547130892
1460	0.02338301459579609
1516	0.010128312408987272
1534	0.11629049200780996
1625	0.06994638344512168
1627	0.035752101099059824
1655	0.02966385572111216
1695	0.03430954791666134
1754	0.035752101099059824
1800	0.07074017185880441
1809	0.07760845196640535
1814	0.03335705812060962
1883	0.060416259484521215
1884	0.025342129143202462
1896	0.05521166505896791
1914	0.035752101099059824
1946	0.01306752604333581
1959	0.013491360235061733
2067	0.013277043872712127
2094	0.05285668179068262
2113	0.030971758060416837
2153	0.01938296266883242
2233	0.08788960140071113
2234	0.05521166505896791
2252	0.014602619630189434
2260	0.02946259910117651
2291	0.05521166505896791
2342	0.009636962176728643
2359	0.045736936228742954
2371	0.06549255811124766
2458	0.02946259910117651
2615	0.0077961330523084686
2635	0.02258610168198313
2651	0.024140728924170456
2710	0.03335705812060962
2803	0.031208683933984297
2917	0.025869483988801782
3023	0.04728259055660007
3042	0.03277198810970096
3085	0.06549255811124766
3115	0.02966385572111216
3116	0.02851653434632531
3136	0.021170871357362286
3162	0.0374582793803862
3277	0.03430954791666134
3283	0.025342129143202462
3305	0.0929152741812505
3389	0.021420434737429578
3391	0.04728259055660007
3423	0.03277198810970096
3424	0.025725193132870378
3442	0.03844425068671881
3448	0.03793828572961139
3543	0.026720804452040593
3553	0.032492621926925404
3577	0.029869535915765452
3580	0.023177334401142793
3637	0.05521166505896791
3639	0.03844425068671881
3671	0.040796069236630705
3718	0.021089140950158795
3740	0.030642398511761225
3746	0.016844647868197896
3772	0.049930486179345326
3786	0.021505123751088612
3871	0.030467480002302885
3898	0.008489640801941796
3944	0.1278309174669978
3964	0.03145176440964202
3978	0.08788960140071113
4029	0.059006036791278284
4038	0.0163414044676433
4057	0.022877049638688668
4060	0.039515095825706656
4061	0.04493077200668818
4080	0.01436162591385375
4084	0.012998716379336719
4204	0.023593317202072608
4222	0.025342129143202462
4297	0.043807858890568305
4359	0.021089140950158795
4387	0.06137853551277752
4424	0.043052881161980694
4428	0.021240549124267764
4452	0.05251951547130892
4459	0.04148957698626403
4480	0.03398116081434667
4532	0.03897914324689477
4632	0.04091957951633622
4725	0.06549255811124766
4749	0.015633908565717954
4798	0.03500305566629467
4803	0.011719174117671384
4847	0.06549255811124766
4891	0.07000611133258934
4902	0.019181706048896775
4920	0.035370085929402204
4948	0.014849983956753254
4968	0.04015042896804519
5009	0.024842913607333116
5015	0.027177386328106467
5025	0.0206908650081371
5043	0.02521480646973995
5122	0.16990580407173334
5163	0.04223862241902918
5198	0.012337093063072664
5210	0.03366390764807582
5223	0.02600610060695605
5292	0.030740682810447846
5374	0.0206908650081371
5376	0.06549255811124766
5406	0.019451021675297643
5494	0.04148957698626403
5597	0.06278337264511369
5619	0.07587657145922277
5812	0.055741218418511096
5815	0.03647128258809114
5971	0.024140728924170456
5978	0.036028514045003415
5983	0.048731771004170456
6024	0.09206598830267912
6036	0.015498608780344435
6092	0.024842913607333116
6120	0.01965821992853825
6132	0.03218167536638462
6154	0.039546472831370194
6156	0.024028654864381604
6179	0.01788246458215934
6184	0.030208129742260607
6221	0.0287232518277075
6329	0.012241763829801222
6370	0.03897914324689477
6421	0.03242474369363718
6423	0.06549255811124766
6534	0.05521166505896791
6553	0.013171698608568887
6626	0.015679446719525127
6681	0.032492621926925404
6718	0.11801207358255657
6719	0.05043132202032493
6759	0.03258507427830347
6781	0.10725630329717947
6902	0.021089140950158795
6920	0.02613505208667162
6966	0.029869535915765452
7010	0.01374776181210187
7144	0.011167686284231731
7173	0.04217828190031759
7224	0.019049900036997084
7227	0.028201903993497257
7251	0.06549255811124766
7255	0.10503903094261784
7342	0.02472216261401493
7355	0.043944800700355564
7359	0.024254161490478487
7388	0.018919924723423947
7406	0.04493077200668818
7425	0.03793828572961139
7426	0.040796069236630705
7435	0.043944800700355564
7445	0.010306566791677728
7446	0.02223291852219652
7450	0.02657343019143147
7468	0.027200775102985485
7497	0.016609539009792625
7500	0.040796069236630705
7506	0.028883564609432838
7553	0.06549255811124766
7604	0.06549255811124766
7762	0.06549255811124766
7776	0.054354772656212934
7791	0.028408687376335475
7795	0.027177386328106467
7830	0.03897914324689477
7909	0.053616615039079434
7921	0.040796069236630705
7939	0.043944800700355564
7989	0.05521166505896791
8123	0.015365237323696124
8278	0.02702270392800765
8281	0.012819840057787388
8296	0.027494639494377308
8342	0.06719112986839042
8359	0.057396500389230075
8369	0.02212042988568732
8397	0.03366390764807582
8410	0.02966385572111216
8480	0.06549255811124766
8500	0.03335705812060962
8619	0.030740682810447846
8637	0.03897914324689477
8657	0.043052881161980694
8665	0.035084267088824485
8710	0.019941819575371948
8711	0.03809980007399417
8781	0.4728259055660006
8823	0.025089192877122468
8824	0.022030013026355943
8825	0.030740682810447846
8849	0.031208683933984297
8905	0.026285466789731596
8913	0.024842913607333116
8923	0.06549255811124766
8956	0.018855607823233096
8983	0.04320408903076137
8984	0.1309851162224953
8985	0.06549255811124766
9111	0.059006036791278284
9294	0.019035998987846144
9295	0.07313271968402266
9401	0.01147889658299756
9502	0.019049900036997084
9534	0.016390528318719302
9572	0.05146966629141597
9581	0.019181706048896775
9612	0.016489556461237787
9625	0.03277198810970096
9671	0.034649878954408436
9730	0.043944800700355564
9802	0.04603299415133956
9854	0.010917381171342673
9876	0.031208683933984297
9951	0.030971758060416837
9960	0.03108698341277316
10038	0.045364165500922496
10063	0.028883564609432838
10067	0.042016236348815884
10097	0.02307616506832989
10098	0.0407680309613418
10101	0.026144741248507616
10124	0.01979894546976223
10149	0.02521480646973995
10188	0.04728259055660007
10275	0.04151532958666015
10349	0.040513249635949086
10603	0.023177334401142793
10639	0.040796069236630705
10705	0.02172531089460982
10770	0.039546472831370194
10776	0.035752101099059824
10785	0.05521166505896791
10905	0.10086264404064986
10914	0.014725484486661162
10933	0.019588642863485717
10934	0.021851758643665488
10957	0.03793828572961139
10990	0.007467745949993794
11021	0.023259814503691443
11050	0.039546472831370194
11060	0.016690813081173428
11079	0.025089192877122468
11096	0.02249109505742122
11099	0.021089140950158795
11110	0.029869535915765452
11126	0.06549255811124766
11128	0.04872514373899855
11171	0.011395943262189975
11191	0.024140728924170456
11271	0.037001697504320336
11272	0.011733109581563676
11409	0.04493077200668818
11410	0.05251951547130892
11448	0.08002428113014737
11581	0.024674186126145328
11648	0.03615037704108152
11701	0.04728259055660007
11719	0.03849662365147724
11727	0.33589974085269575
11728	0.23895628732612362
11777	0.036591644059373804
11829	0.06549255811124766
11840	0.025602092308160348
11878	0.06420782592973036
11888	0.06549255811124766
11944	0.03844425068671881
11968	0.04169248248210461
12054	0.06549255811124766
12133	0.028099322576137845
12148	0.014935491899987588
12187	0.06549255811124766
12209	0.05979207062572537
