271
t_index	tf-idf
78	0.04920386308846407
89	0.03390879056793338
105	0.028325943072048637
276	0.03184194376896223
315	0.06171111822674172
339	0.021523536323026927
343	0.029243830406142274
376	0.034764764737658
388	0.0407801110381009
407	0.04284695783707204
413	0.059025137330940905
490	0.027713022333674165
512	0.03167147029758141
590	0.02046823794628974
633	0.04721893270371026
638	0.025159565542833766
707	0.03303947688963598
708	0.04197450652459528
809	0.044823475295823305
893	0.036699022046004566
936	0.026686930904676328
940	0.02554716816111494
976	0.014983784007374485
1001	0.050260046281953005
1019	0.07147930529699317
1199	0.016343294848371052
1243	0.04721893270371026
1367	0.025449018004981065
1504	0.053234279004153166
1528	0.03479505145850762
1535	0.022163370387769308
1542	0.044823475295823305
1568	0.02187453254093934
1580	0.02724548092866886
1676	0.05848766081228455
1720	0.02910806504430552
1737	0.07742652847825951
1748	0.061091984129912055
1773	0.037518868752635375
1805	0.0194451747722098
1959	0.04902988454511316
2004	0.0668828424566998
2071	0.04284695783707204
2089	0.037805878315900744
2180	0.07754046827651999
2229	0.0265784490029833
2260	0.03569068913144149
2264	0.02034297399531762
2323	0.14974086595070926
2329	0.07447789314908942
2339	0.057277643261875566
2359	0.03324315211619148
2368	0.01967772184390649
2441	0.0265784490029833
2445	0.03411680139883638
2551	0.04116442825649885
2612	0.0331129359807716
2626	0.04537657387839427
2680	0.061091984129912055
2686	0.069230558159923
2740	0.05848766081228455
2812	0.01783830025716573
2874	0.0668828424566998
2959	0.038402662009247544
3011	0.061091984129912055
3020	0.051167432205182016
3084	0.036965770170064416
3091	0.07147930529699317
3251	0.020405432953416607
3282	0.05848766081228455
3284	0.051167432205182016
3313	0.12724320034246855
3343	0.07116381469312034
3344	0.02966116362687648
3345	0.036965770170064416
3405	0.06362160017123428
3407	0.057277643261875566
3410	0.04595804862651417
3424	0.046744851046503874
3515	0.05442867449064755
3526	0.02897390641087025
3635	0.08569391567414408
3702	0.02009652358879816
3786	0.026051085442174486
3794	0.048637816163859794
3867	0.01933066599840967
3898	0.010284263437152314
3913	0.01783830025716573
3941	0.03085555911337086
4009	0.03273502524585452
4038	0.019795809080622357
4060	0.031912120092127245
4113	0.03150352245219248
4147	0.018401391147318594
4156	0.029243830406142274
4160	0.057277643261875566
4174	0.5859124479873077
4199	0.07147930529699317
4236	0.07147930529699317
4341	0.046570969364888644
4359	0.02554716816111494
4388	0.04595804862651417
4391	0.038402662009247544
4406	0.030544956883488655
4428	0.06432645615989462
4452	0.06362160017123428
4468	0.04721893270371026
4479	0.027476841453136322
4481	0.04721893270371026
4556	0.046570969364888644
4803	0.0141964868365718
4825	0.0668828424566998
4848	0.018829225778917436
4920	0.04284695783707204
4934	0.061091984129912055
4948	0.0179891176330811
5025	0.025064700786583113
5091	0.06362160017123428
5122	0.04116442825649885
5141	0.07147930529699317
5159	0.04721893270371026
5211	0.04595804862651417
5224	0.03521827610099907
5246	0.061091984129912055
5265	0.04595804862651417
5289	0.0668828424566998
5335	0.09443786540742052
5358	0.04429611173501449
5362	0.01824502629284001
5374	0.05012940157316623
5400	0.04790618991971649
5420	0.04721893270371026
5452	0.057277643261875566
5512	0.0321907796681987
5513	0.038713264239129755
5580	0.026796460956914948
5597	0.025351710349848487
5654	0.046570969364888644
5670	0.026907059611899105
5722	0.024070446451940737
5815	0.02209046806438296
5994	0.04156223301035778
6038	0.019560852023060737
6049	0.01678966244009001
6050	0.1361297216351828
6092	0.030094449699896893
6137	0.03969964889472113
6154	0.04790618991971649
6156	0.02910806504430552
6184	0.01829690863611252
6189	0.0668828424566998
6277	0.07147930529699317
6329	0.014829546631970865
6337	0.04941993813611668
6378	0.019387775802909967
6421	0.026186000390125353
6472	0.05442867449064755
6534	0.0668828424566998
6553	0.031912120092127245
6707	0.057277643261875566
6759	0.039473223404292886
6900	0.03776771704370085
6902	0.02554716816111494
6917	0.11171683972363412
6993	0.037226580510947634
7224	0.023076852719974335
7227	0.0227756640408206
7282	0.07147930529699317
7370	0.07147930529699317
7444	0.02433307454243981
7445	0.012485268869558728
7468	0.03295073883336183
7497	0.01341374966907082
7520	0.019975278879923702
7618	0.020787590676195553
7726	0.04330972707942312
7735	0.057277643261875566
7793	0.019736611702146443
7796	0.04040839668060932
7878	0.06362160017123428
7913	0.027476841453136322
7950	0.09765207466455128
7953	0.24492476897919208
8002	0.03273502524585452
8081	0.03150352245219248
8095	0.059025137330940905
8128	0.05321657590546252
8143	0.0668828424566998
8150	0.04197450652459528
8158	0.027832984005682595
8206	0.09075314775678854
8209	0.06798458738061113
8281	0.007764911110626006
8303	0.040048484793957596
8352	0.07939929778944226
8404	0.024157314863354106
8472	0.040315271432815075
8517	0.030242638374996387
8560	0.03085555911337086
8605	0.053234279004153166
8643	0.06362160017123428
8649	0.05576389504547538
8680	0.0265784490029833
8690	0.04941993813611668
8703	0.04721893270371026
8852	0.03411680139883638
8928	0.05821613008861104
8991	0.05576389504547538
9229	0.01651973844481799
9240	0.050260046281953005
9294	0.02306001313219244
9396	0.061091984129912055
9400	0.027018747926346565
9404	0.04330972707942312
9409	0.03167147029758141
9462	0.05576389504547538
9538	0.02364581732643358
9540	0.023898681465637676
9551	0.03969964889472113
9581	0.023236521165389223
9760	0.027476841453136322
9777	0.01991513936371878
9786	0.06362160017123428
9945	0.051167432205182016
10060	0.03521827610099907
10067	0.025449018004981065
10087	0.0668828424566998
10089	0.03498925271131315
10124	0.023984238643203336
10152	0.030242638374996387
10205	0.04595804862651417
10239	0.057277643261875566
10242	0.042402341156194116
10291	0.02268725175772976
10478	0.07939929778944226
10574	0.03390879056793338
10575	0.04748959942007527
10639	0.04941993813611668
10644	0.061091984129912055
10649	0.04721893270371026
10701	0.053234279004153166
10780	0.036699022046004566
10836	0.0490232044080243
10913	0.04263607871338153
10917	0.046473042330778445
10990	0.00904635053745705
11057	0.03680278229463719
11060	0.020219079076678265
11083	0.038402662009247544
11134	0.044823475295823305
11191	0.029243830406142274
11404	0.061091984129912055
11410	0.06362160017123428
11428	0.07147930529699317
11450	0.032015019989113
11581	0.014945027483410542
11639	0.0668828424566998
11761	0.02647099538123271
11777	0.022163370387769308
11796	0.036965770170064416
11847	0.04941993813611668
11877	0.01517957941366822
11878	0.0194451747722098
11931	0.04156223301035778
11953	0.011997612082156377
12052	0.022310596771605736
12124	0.013910382762521148
12137	0.03454463603043522
12148	0.00904635053745705
12169	0.036438406609255604
12209	0.02897259943563827
