350
t_index	tf-idf
67	0.08204567276673948
74	0.04421946134067458
83	0.019994300594384524
103	0.019711074393635356
130	0.04521159509412307
131	0.021220950785789745
184	0.03452398699135647
208	0.03137204325823917
276	0.026449754328291157
322	0.07187178200362863
339	0.01787869020028319
340	0.007825097943033673
343	0.0242916115760066
369	0.020212454628064456
413	0.04902968213639037
428	0.03486644514173711
474	0.0231196812140327
512	0.05261629846877282
529	0.05937483208877633
621	0.03326658044830175
640	0.03164834197090618
650	0.03419354742753653
670	0.012005405076391149
673	0.02146986117111918
708	0.06973289028347422
812	0.043321967190795764
840	0.04757811281159376
940	0.021220950785789745
1018	0.05284776917865768
1052	0.02906409059257283
1215	0.055556745046509017
1321	0.031165335520437286
1349	0.08251654121381416
1355	0.02342510997618515
1373	0.03679490428067712
1378	0.039793643358420394
1405	0.01754033423306131
1416	0.04421946134067458
1484	0.03326658044830175
1516	0.010191615660504373
1528	0.014451387917700759
1535	0.01841017326382041
1590	0.05284776917865768
1643	0.06590189499889498
1675	0.05937483208877633
1676	0.0242916115760066
1689	0.01903817667943478
1694	0.09805936427278074
1721	0.039793643358420394
1805	0.01615228326911892
1890	0.028694766343249065
1917	0.01664284008318249
1988	0.032422742063492015
2040	0.0363763215338915
2067	0.026720054199407664
2108	0.039793643358420394
2180	0.15028902819783427
2181	0.157018711055502
2206	0.04521159509412307
2229	0.022077592111106062
2286	0.05937483208877633
2323	0.049753358601963504
2342	0.029091583278834675
2359	0.027613678767573976
2363	0.06053568274111694
2368	0.016345450274273185
2441	0.044155184222212124
2449	0.020742039382696545
2477	0.03723296285920781
2583	0.038175404881024826
2615	0.039224299418716024
2635	0.022727267714173913
2641	0.01550579485893714
2643	0.07978056424615382
2651	0.0242916115760066
2664	0.022631667286023845
2686	0.019168964355387143
2741	0.016592618303914057
2766	0.03769239843055593
2861	0.046320706268539034
2926	0.043321967190795764
3185	0.03093281602052048
3252	0.016592618303914057
3286	0.08843892268134916
3329	0.05469449695633996
3332	0.025372402243986864
3343	0.04729021392297786
3350	0.05074652425079323
3360	0.03326658044830175
3389	0.04310863040343911
3402	0.029646744124151348
3424	0.012942989444609596
3463	0.03269570498116306
3500	0.03769239843055593
3501	0.06590189499889498
3521	0.029646744124151348
3541	0.02887761793889575
3544	0.06590189499889498
3551	0.04757811281159376
3572	0.011762383555303891
3642	0.04992852024954748
3650	0.046320706268539034
3654	0.032422742063492015
3746	0.03389985815541663
3778	0.029254330624292554
3781	0.041051049901475116
3883	0.02006645850526596
3898	0.017085404291508885
3913	0.014817520653253253
3941	0.05126081272753425
3967	0.03164834197090618
4029	0.05937483208877633
4057	0.023020034132923074
4058	0.061411799898178326
4060	0.013254023414149115
4092	0.05937483208877633
4103	0.03189946515410551
4113	0.026168642071044416
4174	0.43261569762885627
4176	0.0242916115760066
4276	0.06590189499889498
4358	0.017651774128851872
4368	0.03769239843055593
4428	0.03205995792060759
4450	0.026449754328291157
4477	0.16667023513952706
4529	0.016394367585797143
4531	0.027191599293232453
4585	0.06590189499889498
4755	0.03559115350269147
4817	0.046320706268539034
4851	0.055556745046509017
4882	0.04757811281159376
4902	0.019301594171765392
4977	0.012609033833219272
5009	0.024998185003494548
5149	0.041051049901475116
5182	0.07044365850673542
5185	0.04040137429840727
5341	0.021639533532575365
5353	0.021988334937686937
5362	0.015155370748101752
5398	0.012875244107150248
5406	0.019572593055371127
5512	0.0267395175381831
5647	0.06590189499889498
5651	0.02734724847816998
5674	0.04757811281159376
5722	0.019994300594384524
5749	0.05937483208877633
5772	0.008780016364545338
5968	0.021220950785789745
5978	0.02900295750276713
5994	0.03452398699135647
6027	0.06080270695346825
6036	0.031190954145851216
6044	0.02051141819168487
6049	0.041839384870861925
6053	0.04250261922627173
6058	0.09647240782165731
6089	0.021139421607299237
6092	0.024998185003494548
6132	0.010794271654913281
6150	0.03645931714765919
6221	0.014451387917700759
6361	0.06590189499889498
6405	0.015550529200987415
6406	0.023740778460439822
6420	0.03486644514173711
6421	0.032627402500211365
6426	0.03486644514173711
6437	0.10149304850158646
6476	0.04813479428635991
6487	0.04040137429840727
6511	0.06590189499889498
6553	0.013254023414149115
6607	0.01748510497625291
6626	0.04733233581725618
6746	0.012774531261646746
6900	0.015686021629119584
6902	0.021220950785789745
6917	0.18559689612312286
6920	0.09204439829916207
6938	0.06329668394181236
6950	0.019436118763801125
6993	0.015461272027568291
7185	0.015550529200987415
7187	0.06590189499889498
7194	0.02688781290682185
7227	0.04729694918394058
7243	0.027666484517417884
7248	0.07185961396930925
7277	0.0322092087518104
7360	0.038175404881024826
7414	0.030056224346021315
7431	0.055556745046509017
7445	0.010370984155947855
7450	0.0267395175381831
7468	0.013685391717945807
7497	0.011142233839190122
7511	0.01301122569459226
7518	0.03387431138828862
7520	0.04977785491174217
7696	0.06590189499889498
7702	0.03522182925336771
7740	0.03597555631615308
7747	0.2593819365079361
7793	0.11476057310058001
7851	0.046320706268539034
7869	0.02146986117111918
7920	0.041051049901475116
7950	0.21630784881442813
7953	0.02906409059257283
8049	0.01524176182462095
8128	0.08840951225247494
8133	0.030705899949089163
8152	0.05284776917865768
8159	0.06590189499889498
8161	0.06590189499889498
8181	0.014451387917700759
8182	0.023220394059536204
8209	0.011294383580189409
8269	0.020212454628064456
8281	0.07094981136264562
8283	0.04520929516761927
8341	0.03597555631615308
8368	0.03769239843055593
8371	0.02984925862377285
8394	0.032976817238409804
8528	0.02688781290682185
8665	0.017651774128851872
8673	0.027666484517417884
8692	0.04902968213639037
8711	0.03833792871077429
8720	0.029646744124151348
8733	0.02006645850526596
8846	0.02264592387370028
8852	0.02833938223161846
8861	0.02463827261031864
8892	0.03026784137055847
8898	0.009459389836788117
8906	0.020820185568051333
8928	0.16925185927279363
8937	0.02783025492863887
8983	0.04347412012814879
8992	0.04174889216348635
8998	0.02887761793889575
9030	0.03922276789128171
9071	0.0267395175381831
9095	0.027191599293232453
9187	0.06590189499889498
9223	0.01615228326911892
9229	0.027444494381588
9294	0.011492985853737715
9409	0.05261629846877282
9441	0.02833938223161846
9519	0.017321334565031928
9536	0.023322195713654202
9538	0.01964157916092577
9540	0.019851622693723613
9606	0.03164834197090618
9612	0.033185236607828114
9620	0.028902775835401517
9740	0.03723296285920781
9777	0.016542662954435898
9821	0.019851622693723613
9822	0.03269570498116306
9832	0.038175404881024826
9879	0.01759588932807774
9960	0.015640640523011774
10028	0.04250261922627173
10066	0.06590189499889498
10098	0.02051141819168487
10124	0.01992269141817251
10138	0.03026784137055847
10140	0.027038481101803517
10174	0.0363763215338915
10186	0.041051049901475116
10207	0.0363763215338915
10239	0.04757811281159376
10255	0.020139173625608905
10275	0.00596782938870539
10297	0.03486644514173711
10379	0.05284776917865768
10478	0.032976817238409804
10493	0.03559115350269147
10515	0.0665331608966035
10516	0.02589567915337337
10523	0.03769239843055593
10535	0.032157469273885776
10547	0.03326658044830175
10576	0.038175404881024826
10602	0.022443329782099664
10650	0.03769239843055593
10658	0.03419354742753653
10679	0.024405753110401836
10701	0.04421946134067458
10746	0.03769239843055593
10800	0.01754033423306131
10824	0.05284776917865768
10836	0.040721499993406414
10853	0.031463244998619945
10913	0.017707992572203752
10917	0.019301594171765392
10943	0.05937483208877633
10951	0.02589567915337337
10975	0.022350555028777103
10990	0.0375721015996163
11021	0.011702595663710949
11025	0.022443329782099664
11033	0.07118230700538294
11034	0.025885978889219192
11075	0.041051049901475116
11133	0.030056224346021315
11148	0.02589567915337337
11171	0.011467169369113859
11182	0.04174889216348635
11227	0.08843892268134916
11229	0.12515083140198233
11246	0.05284776917865768
11272	0.02951610755306347
11445	0.02734724847816998
11461	0.03356554401192216
11483	0.046320706268539034
11520	0.04040137429840727
11563	0.031165335520437286
11619	0.03189946515410551
11637	0.055556745046509017
11643	0.03597555631615308
11651	0.055556745046509017
11701	0.04757811281159376
11713	0.07027532992855545
11722	0.03387431138828862
11744	0.03269570498116306
11796	0.030705899949089163
11823	0.067385797363386
11878	0.01615228326911892
11925	0.04826861296220095
11951	0.017160363785552094
11953	0.01993181662537156
11971	0.018170247895419628
11998	0.031925998564000906
12024	0.020139173625608905
12071	0.03164834197090618
12084	0.022350555028777103
12085	0.057904782515296176
12124	0.01155476591978077
12148	0.03005768127969304
12209	0.012033155747099584
12219	0.017821446490308052
