249
t_index	tf-idf
56	0.050777969107073925
67	0.030459786645035007
75	0.056543998503345794
83	0.029691858677453168
104	0.03433309927668211
149	0.039278311529913824
228	0.0270713368320765
287	0.07847978910110368
331	0.031153337637949443
340	0.02324079316153118
386	0.025093872278358804
428	0.051777233059324204
480	0.038656709403662434
488	0.024273257135053954
673	0.03188308991895664
953	0.027249476124011286
960	0.0671399474955358
972	0.16733924695150812
1026	0.031035330648123857
1230	0.16500532386349478
1366	0.07573736858322526
1405	0.05209535814917382
1516	0.015134713537897046
1568	0.02698311101697718
1588	0.035740472708014566
1676	0.03607343475494927
1883	0.0225699688014687
1932	0.08817258273453134
1983	0.08688630507475105
2083	0.03433309927668211
2094	0.03949180797167716
2178	0.050777969107073925
2213	0.029691858677453168
2216	0.060961470819239603
2229	0.06557116032210927
2252	0.02182066035104535
2266	0.06878699546767603
2359	0.013668919361311531
2368	0.024273257135053954
2440	0.03607343475494927
2445	0.04208443942589655
2465	0.032653031819761126
2563	0.05449895224802257
2575	0.06433381959955307
2615	0.01164974338126855
2619	0.0671399474955358
2689	0.030802262831147155
2740	0.14429373901979708
2741	0.024640305643254458
2747	0.07051087739854023
2790	0.03658823197884734
2884	0.03252172808220724
3026	0.07065426445266726
3314	0.024865250096551418
3343	0.0526700474717509
3434	0.050777969107073925
3463	0.04855364892998793
3562	0.12783657168066867
3572	0.017467329181405308
3576	0.07148094541602913
3586	0.03712270768426133
3651	0.031153337637949443
3858	0.06896531895135743
3867	0.02384514986507664
3883	0.02979901433824951
4004	0.02269885215904124
4038	0.048837844931645835
4267	0.034941184006707114
4275	0.03278558016105464
4333	0.07548623749591458
4387	0.015286300337280864
4428	0.04760955429724441
4632	0.030573015970627667
4676	0.056543998503345794
4689	0.035415254670862324
4948	0.022190296285528988
4977	0.018724618491547534
5009	0.03712270768426133
5093	0.10460996838730108
5217	0.051777233059324204
5266	0.05824644256341559
5327	0.03749072222094534
5344	0.050777969107073925
5362	0.02250596985540103
5374	0.030918311176063407
5462	0.16792145773710798
5580	0.03305450662816684
5597	0.06254469790931
5603	0.12623414932978416
5747	0.07573736858322526
5812	0.06247047920853012
5852	0.23138154639716788
5971	0.03607343475494927
5978	0.02153492969997159
6004	0.05895995939019821
6006	0.045935730406839265
6027	0.03611719996999579
6033	0.040846131271377095
6038	0.024129093535465565
6092	0.03712270768426133
6132	0.016029667404007016
6184	0.0225699688014687
6221	0.021460544004521787
6228	0.02237884402253479
6250	0.027797928587517687
6378	0.023915597093702223
6405	0.04618557305525397
6421	0.01615073954826141
6426	0.051777233059324204
6427	0.15695957820220735
6532	0.04559875638302801
6553	0.019682438416030273
6585	0.03360839072712988
6626	0.04685952110287647
6627	0.07847978910110368
6667	0.03641451862311261
6762	0.26437708844512137
6785	0.0519313254759353
6875	0.07065426445266726
6916	0.05401942383987403
6920	0.019526773595510766
6966	0.04463397764013477
7003	0.02770501299445631
7010	0.02054324831338876
7118	0.026721724989684954
7144	0.01668784748809396
7145	0.059996692076346364
7148	0.04402589291010976
7185	0.023092786527626984
7194	0.039928835580244064
7195	0.03607343475494927
7227	0.01404734638668642
7248	0.04268507402939241
7277	0.023915597093702223
7359	0.07248587354682323
7444	0.030015820933965414
7450	0.039708614567393066
7520	0.22176275078929011
7538	0.029585517896486165
7559	0.05824644256341559
7639	0.06199777782707819
7675	0.0671399474955358
7784	0.16434070189458508
7793	0.12172950065590736
7819	0.02876270733041092
7869	0.03188308991895664
7909	0.022891194976741407
7961	0.08250266193174739
8049	0.022634261996598577
8055	0.04119769951926738
8126	0.10299929783004633
8128	0.08752636719820393
8181	0.021460544004521787
8209	0.06708936669805118
8281	0.04789164251689737
8359	0.04288372812720399
8362	0.10460996838730108
8368	0.055973819245702654
8369	0.03305450662816684
8404	0.02979901433824951
8474	0.07651429328166791
8710	0.02979901433824951
8775	0.04373148739803678
8784	0.03175878914222384
8790	0.07065426445266726
8792	0.15883445826957227
8819	0.040379963260897773
8824	0.03291939692679523
8846	0.01681478099481803
8898	0.01404734638668642
8983	0.021519923054708737
9055	0.023705311246673987
9223	0.02398640101867656
9229	0.02037775827180297
9247	0.05981399492815606
9248	0.08201821216946786
9294	0.011378179501378828
9344	0.04261219056022288
9401	0.042882220773683796
9441	0.04208443942589655
9551	0.04897110516334148
9588	0.039278311529913824
9592	0.08632128604745856
9593	0.07115383653372394
9619	0.04663506339086659
9620	0.021460544004521787
9878	0.036242936773411616
9943	0.06047208389363282
9960	0.023226603293367575
10028	0.06311707466489208
10129	0.032008505515740845
10149	0.03767842631852479
10174	0.05401942383987403
10275	0.008862322839657535
10321	0.029168061663132627
10349	0.015134713537897046
10385	0.03360839072712988
10386	0.08865326041289276
10417	0.050966833670331
10458	0.03806156659525284
10575	0.15621418876408613
10586	0.05126867718581195
10629	0.06433381959955307
10705	0.01623204062208379
10769	0.06878699546767603
10800	0.02604767907458691
10817	0.07388453951487788
10880	0.031272348954655
10935	0.027249476124011286
10975	0.03319093449377634
11013	0.07280986829831973
11021	0.034757086397297694
11034	0.019220547957603917
11048	0.045935730406839265
11057	0.02269885215904124
11131	0.051777233059324204
11133	0.04463397764013477
11148	0.038455500963838575
11171	0.0170289313562573
11179	0.05030389844291871
11214	0.09786537636795899
11253	0.025093872278358804
11331	0.09786537636795899
11432	0.09786537636795899
11445	0.04061110480949106
11461	0.04984537391189031
11581	0.018435289301927397
11585	0.017737120417406032
11630	0.08250266193174739
11719	0.02876270733041092
11751	0.07847978910110368
11761	0.032653031819761126
11795	0.036764130465504155
11809	0.10125107671184362
11823	0.025017248824686176
11878	0.02398640101867656
11947	0.07065426445266726
11953	0.014799534488134506
11968	0.02076699301160735
11976	0.09104240040526772
11977	0.06160452566229431
12035	0.029691858677453168
12083	0.07535940651255797
12133	0.020994375994042462
12209	0.03573886050177816
12218	0.03906802568288559
12247	0.03749072222094534
12248	0.17944198478446816
12249	0.059996692076346364
