389
t_index	tf-idf
28	0.020015255357226595
30	0.04555312853255386
103	0.03398066254537819
105	0.020281403204162794
228	0.01571339704635238
240	0.04226205660108016
273	0.06668972008420467
284	0.04226205660108016
322	0.061951234164812574
331	0.01808277022522734
332	0.027069046197756248
340	0.033724951679018976
341	0.039927003905049725
361	0.039927003905049725
474	0.01992844402597455
572	0.01693042854988319
586	0.02727988356082065
624	0.01396407120228741
674	0.02255655317738732
707	0.011828149035478215
767	0.008590302095376985
864	0.03897098466960647
936	0.019107868874221688
955	0.03216242123960536
963	0.04788818122858429
972	0.09713107428337393
1184	0.05117925316005799
1269	0.03334486004210233
1301	0.01857914735238498
1340	0.017550331376969104
1405	0.03023844193390383
1429	0.041010849122428895
1450	0.05110913730695736
1477	0.043741920949622586
1528	0.012456645597723208
1535	0.015868995078264888
1546	0.03293297231917988
1557	0.023306327288700298
1672	0.04788818122858429
1689	0.016410314432988328
1697	0.02473399350172582
1717	0.024278727522840812
1720	0.020841403308442804
1727	0.019507791242824684
1738	0.041010849122428895
1750	0.01408926826692113
1790	0.05117925316005799
1805	0.013922764334005938
1828	0.026663122511246196
1841	0.03538472449492477
1883	0.013100604646943112
1988	0.1397369614224468
2067	0.011515926615819915
2073	0.0349723335149045
2100	0.028932451916204423
2137	0.02521632045729567
2160	0.02255655317738732
2167	0.01815184963877842
2172	0.027069046197756248
2178	0.029473771270927866
2188	0.02255655317738732
2224	0.07623159264423691
2229	0.019030195725511533
2232	0.029198599763140622
2252	0.012665672997105339
2264	0.02913117892819345
2284	0.022092610787094073
2342	0.05015207464429478
2344	0.02627653601577499
2359	0.007934043244749004
2440	0.02093861144155126
2449	0.01787899093399857
2563	0.01581679694274799
2607	0.024278727522840812
2608	0.04226205660108016
2615	0.006762024512254095
2635	0.019590195829791542
2660	0.019186292499757267
2686	0.016523049329952307
2690	0.015868995078264888
2722	0.043741920949622586
2741	0.014302319398470419
2798	0.034300879277545604
2806	0.018221522015919603
2816	0.020372094450450254
2886	0.03209365256345107
2995	0.04555312853255386
3122	0.05117925316005799
3128	0.03290600818832478
3141	0.05117925316005799
3244	0.03334486004210233
3251	0.01461031013975774
3262	0.02818267780489145
3297	0.034300879277545604
3343	0.06114403389146316
3389	0.01857914735238498
3424	0.011156453165934076
3435	0.025729129835044877
3505	0.024579383453759453
3530	0.02187021928385868
3541	0.049783211746835504
3561	0.07515701845253675
3572	0.04055523086566474
3578	0.01872672927444724
3600	0.027496343911362804
3651	0.01808277022522734
3678	0.02842498780180252
3690	0.022676804000491057
3702	0.0431673921891674
3740	0.013288937506616413
3794	0.034824724390644754
3795	0.11768353293246932
3870	0.023176456004473236
3877	0.02370889485273147
3883	0.017296661291290413
3898	0.0073635427740634096
3950	0.02842498780180252
3956	0.07564896137188701
3980	0.026089935105772087
4038	0.0425214565349713
4045	0.056805377787562124
4060	0.011424554745482794
4122	0.018014273767262355
4147	0.052701656912464964
4176	0.02093861144155126
4192	0.04226205660108016
4204	0.020463810478267955
4267	0.04056280640832559
4294	0.02154765569564712
4297	0.012665672997105339
4316	0.01815184963877842
4333	0.010953884810585983
4358	0.015215278680938676
4369	0.05117925316005799
4387	0.017745684896127833
4388	0.03290600818832478
4423	0.017050679372986925
4428	0.06448092856281787
4459	0.03598624275673408
4485	0.09577636245716858
4560	0.03036011812922995
4615	0.02842498780180252
4632	0.017745925952268368
4667	0.031355254462549005
4676	0.016410314432988328
4677	0.0831562062437946
4679	0.04788818122858429
4730	0.04555312853255386
4767	0.02093861144155126
4803	0.010164698590361124
4934	0.043741920949622586
4977	0.010868593846112974
5079	0.05117925316005799
5093	0.03036011812922995
5154	0.016811933276067045
5182	0.0607202362584599
5198	0.010700654432488833
5221	0.01967344560675234
5226	0.02133952167385651
5270	0.01536153096386298
5318	0.03538472449492477
5327	0.04352253510541044
5328	0.04555312853255386
5353	0.056859776478765965
5358	0.031716059733276215
5359	0.05117925316005799
5362	0.013063456837939538
5372	0.03380880243239558
5374	0.03589270101626473
5462	0.03248967169461432
5597	0.01815184963877842
5722	0.05170339026887475
5845	0.05110913730695736
5852	0.3069806799961163
5857	0.04555312853255386
5968	0.018291797624609467
5969	0.02842498780180252
5978	0.012499822333856419
6004	0.03422295904638312
6011	0.022092610787094073
6027	0.041928029402567055
6028	0.02818267780489145
6037	0.04555312853255386
6049	0.01202141488257343
6054	0.045353608000982114
6058	0.05543747082919641
6059	0.06581201637664956
6089	0.036443044031839206
6095	0.01895325882625532
6125	0.020281403204162794
6132	0.01860865091388355
6201	0.10235850632011598
6221	0.024913291195446417
6222	0.02292278591879454
6233	0.0310098073460719
6329	0.021235940057700832
6367	0.01781218576593716
6372	0.02538368271856777
6378	0.013881666615320556
6379	0.022430541369802548
6415	0.030053788110628633
6421	0.009374601065631639
6479	0.14936873744312137
6480	0.03811579632211846
6553	0.022849109490965587
6607	0.06028646028147649
6626	0.02719933134661332
6635	0.0262758465021424
6653	0.05117925316005799
6667	0.021136591551650805
6742	0.05117925316005799
6746	0.022022494933993438
6762	0.4262669843246731
6785	0.09042969042221474
6786	0.02794739228448936
6803	0.03897098466960647
6855	0.05117925316005799
6874	0.0310098073460719
6900	0.04056258403378003
6915	0.041010849122428895
6916	0.09406576338764701
6950	0.016753328096561725
6962	0.02133952167385651
6993	0.026654268397502383
7070	0.053237777856805106
7144	0.019372724373086
7177	0.034824724390644754
7194	0.04635291200894647
7219	0.021136591551650805
7220	0.034824724390644754
7224	0.016523049329952307
7227	0.0733832907224938
7234	0.02818267780489145
7248	0.012388149139758225
7277	0.02776333323064111
7289	0.05117925316005799
7291	0.05117925316005799
7339	0.04487611580714235
7352	0.026089935105772087
7357	0.02232126765698523
7364	0.04226205660108016
7433	0.021653758933316523
7444	0.01742250539503321
7445	0.008939464836592595
7468	0.011796380767529077
7497	0.01920851601135799
7516	0.031355254462549005
7520	0.07151159699235209
7538	0.017172738546794256
7541	0.034300879277545604
7726	0.0310098073460719
7755	0.10235850632011598
7763	0.05117925316005799
7769	0.03811579632211846
7773	0.05117925316005799
7774	0.05117925316005799
7784	0.16693352650396615
7793	0.1413143346355951
7812	0.02103699788374207
7815	0.043741920949622586
7857	0.11691295400881939
7909	0.0132870584768759
7943	0.018506350612412376
8057	0.01761500727374351
8128	0.07620624177195741
8157	0.02538368271856777
8158	0.01992844402597455
8182	0.020015255357226595
8209	0.00973540633635885
8281	0.02779842010529392
8283	0.02597933480313508
8286	0.02187021928385868
8337	0.03901558248564937
8369	0.038372584999514535
8380	0.03897098466960647
8430	0.01536153096386298
8440	0.017550331376969104
8498	0.05117925316005799
8513	0.013250919722360447
8710	0.017296661291290413
8720	0.02555456865347868
8824	0.019107868874221688
8825	0.026663122511246196
8840	0.039927003905049725
8846	0.039040159953381816
8892	0.026089935105772087
8898	0.00815369896916598
8900	0.04464253531397046
8905	0.022798863174298387
8928	0.04168280661688561
8944	0.020191714091600855
8949	0.04788818122858429
8956	0.016354528769413238
8983	0.012491111815539142
9004	0.034824724390644754
9005	0.08759579928942186
9006	0.037342184360780344
9223	0.027845528668011876
9229	0.02365629807095643
9247	0.03471867891359432
9294	0.04953297650542713
9344	0.02473399350172582
9389	0.11373141378304892
9395	0.05117925316005799
9401	0.004978146187799828
9426	0.0398568880519491
9429	0.021237422439606062
9505	0.02154765569564712
9587	0.02555456865347868
9588	0.022798863174298387
9592	0.025052339484178916
9593	0.061951234164812574
9594	0.044185221574188145
9748	0.03380880243239558
9777	0.028518518890990812
9943	0.017550331376969104
9960	0.013481744246717558
10021	0.08248903173408842
10063	0.025052339484178916
10067	0.054664566047758816
10073	0.01992844402597455
10129	0.01857914735238498
10140	0.046612654577400596
10148	0.023988811629346952
10175	0.014476880580036612
10211	0.031355254462549005
10233	0.02232126765698523
10255	0.01735933945679716
10264	0.041010849122428895
10275	0.015432248329254111
10334	0.04788818122858429
10363	0.04788818122858429
10437	0.03538472449492477
10447	0.01975755809106364
10474	0.05117925316005799
10510	0.037342184360780344
10575	0.034002600068526616
10580	0.05110913730695736
10629	0.037342184360780344
10643	0.07468436872156069
10644	0.043741920949622586
10658	0.029473771270927866
10716	0.015764932343920318
10757	0.02627653601577499
10800	0.015119220966951915
10830	0.030678464111683047
10933	0.016990331272689094
10939	0.019030195725511533
10947	0.04226205660108016
10948	0.043741920949622586
10984	0.19155272491433717
10990	0.006477195915761324
11096	0.019507791242824684
11158	0.02818267780489145
11171	0.039537369186570165
11272	0.015265178402516651
11326	0.03538472449492477
11402	0.039927003905049725
11448	0.017352389541932575
11449	0.031355254462549005
11461	0.028932451916204423
11587	0.04788818122858429
11698	0.05117925316005799
11719	0.016695143029481097
11797	0.04555312853255386
11809	0.019590195829791542
11823	0.01452111383446346
11865	0.04487611580714235
11877	0.03260578153833892
11878	0.013922764334005938
11925	0.01040150967830826
11953	0.008590302095376985
11955	0.03811579632211846
11963	0.02521632045729567
11976	0.01761500727374351
12024	0.0867966972839858
12035	0.08617231711479124
12052	0.01597440931443992
12065	0.034300879277545604
12076	0.021653758933316523
12124	0.01991969558177349
12133	0.012186061138433029
12148	0.025908783663045297
12152	0.10235850632011598
12209	0.010372204899449821
12243	0.05117925316005799
12247	0.10880633776352609
12248	0.05207801837039148
12249	0.17412362195322376
