242
t_index	tf-idf
24	0.09606019079817661
83	0.028867654927104518
89	0.040666768149272677
105	0.06794253290825668
310	0.034909264311837274
322	0.13835741454305828
340	0.022595661811119726
400	0.04569369209582206
491	0.07016928446547907
589	0.03136719405420614
630	0.05375673525860562
638	0.030173834027404783
708	0.050339970739920234
710	0.10067994147984047
767	0.014388720468000521
786	0.04534054038501358
824	0.03700503166179736
947	0.07078876995059535
972	0.03253882951036609
1138	0.07014417506520458
1273	0.085725037292625
1405	0.02532463256495715
1557	0.03903800178032322
1689	0.02748720877876196
1720	0.034909264311837274
1737	0.046428767135181535
1810	0.06687756634585665
1962	0.048030095399088306
1970	0.07630130181924083
1988	0.0936235328923958
2037	0.03458935363576457
2094	0.03839557157260586
2137	0.04223723243526136
2138	0.06527623808194988
2178	0.04936844493319933
2219	0.060276807727043226
2260	0.04280379676439036
2264	0.09758920835314062
2275	0.050339970739920234
2323	0.03591680491162941
2342	0.028001505842866238
2344	0.044013089109148744
2359	0.026578979216844715
2413	0.04196256498375026
2440	0.03507208753260229
2441	0.06375099820833652
2454	0.0558525026085657
2686	0.08302811779423232
2740	0.07014417506520458
2741	0.04791265163524404
2747	0.03427679788355753
2767	0.09441173743878903
2775	0.06869300260063527
2793	0.0468117664461979
2806	0.030520973986430982
2879	0.02367009258367449
2920	0.036450033115104793
2972	0.06136503447721118
3053	0.05662960419277869
3084	0.04433299978522145
3181	0.05312426883032587
3273	0.0732675366115718
3314	0.024175026132953702
3343	0.03413866792972214
3344	0.03557259471803511
3424	0.0186870128939185
3454	0.02835839777262617
3530	0.036632526814006895
3561	0.04196256498375026
3572	0.05094738292923226
3669	0.050339970739920234
3678	0.1428352108850412
3702	0.02410173443829357
3740	0.022258915341561117
3771	0.047611736961680404
3795	0.14079959339624892
3858	0.03352546991167774
3907	0.05375673525860562
4027	0.029798140238559954
4057	0.03323619141476886
4147	0.022068764319767713
4204	0.03427679788355753
4222	0.036817503496467015
4428	0.030858653873578366
4459	0.060276807727043226
4534	0.085725037292625
4615	0.09522347392336081
4749	0.022713225081806534
4803	0.017025828083146902
4845	0.040666768149272677
4917	0.016725123771266767
4989	0.029614266306939044
5198	0.017923551901232137
5227	0.08560759352878072
5238	0.06527623808194988
5283	0.06705093982335548
5343	0.04223723243526136
5362	0.021881236154437367
5417	0.048030095399088306
5670	0.032269601377364864
5836	0.07630130181924083
5852	0.19282176333114423
5978	0.010468575346047646
5980	0.02614885924465094
6027	0.05267195683132453
6038	0.023459304230576215
6044	0.029614266306939044
6050	0.05442006566480346
6053	0.06136503447721118
6059	0.055117427569206234
6095	0.03174663011623498
6132	0.015584706644401335
6179	0.025979967924506412
6200	0.03253882951036609
6250	0.027026297641720615
6269	0.05745383087247248
6378	0.02325173414626658
6406	0.03427679788355753
6479	0.06254800430371005
6523	0.07679114314521172
6553	0.019136081930411636
6597	0.037782133246010347
6626	0.022779383735151884
6734	0.06384380113818763
6762	0.42839726105693715
6767	0.13055247616389976
6916	0.0525199214946636
6920	0.018984738143824807
6992	0.08021250542397952
7010	0.01997299696980763
7209	0.06869300260063527
7220	0.05833126926954216
7227	0.027314824076022117
7234	0.047205868719394514
7428	0.05745383087247248
7468	0.01975888897893579
7497	0.01608709242258687
7520	0.07186897745286606
7535	0.07630130181924083
7639	0.060276807727043226
7784	0.0798894189196303
7793	0.1656906480857214
8055	0.02002705499901634
8069	0.028867654927104518
8081	0.037782133246010347
8123	0.06696868392855243
8128	0.08509675978012966
8133	0.04433299978522145
8179	0.03099806070709858
8181	0.0208648298377128
8182	0.06705093982335548
8209	0.0815338266692943
8252	0.05662960419277869
8269	0.029182624452319963
8278	0.039259072934693794
8281	0.03724979092992575
8283	0.0435152783076255
8284	0.029947235841410923
8331	0.08679000385502503
8378	0.055117427569206234
8394	0.047611736961680404
8397	0.04890753379615798
8404	0.02897183609922169
8421	0.07630130181924083
8517	0.03626995662243789
8558	0.051941299003827004
8590	0.0293967324431918
8639	0.03882046791657597
8775	0.08503512706088566
8792	0.07721271985140826
8817	0.0732675366115718
8846	0.04904407979704939
8898	0.013657412038011059
8905	0.07637600297659246
8927	0.06687756634585665
8944	0.03382103756166933
8964	0.11325920838555738
9073	0.040181160227176584
9138	0.039712300784481146
9223	0.046641145310051486
9229	0.019812100696311674
9268	0.07078876995059535
9294	0.016593506141493866
9505	0.03609223413833614
9574	0.0293967324431918
9593	0.10376806090729371
9594	0.03700503166179736
9659	0.1250960086074201
9806	0.06254800430371005
9826	0.04466061988958925
9854	0.01586096879140826
9943	0.0293967324431918
9961	0.05138630045713444
10021	0.09211252457478213
10122	0.08021250542397952
10138	0.043700533356941705
10145	0.06527623808194988
10148	0.040181160227176584
10224	0.06527623808194988
10275	0.025848952101685172
10286	0.07630130181924083
10291	0.08162637402186818
10349	0.029429190848490504
10386	0.04309618602127943
10447	0.06618765611411732
10472	0.044996330191419284
10504	0.05662960419277869
10602	0.03240354902670725
10610	0.05138630045713444
10635	0.05375673525860562
10800	0.02532463256495715
10834	0.06527623808194988
10914	0.021393450152164543
10933	0.028458734585482863
10965	0.021881236154437367
10990	0.010849276359968843
11025	0.03240354902670725
11034	0.0186870128939185
11179	0.04890753379615798
11203	0.03860635992570413
11205	0.085725037292625
11263	0.03860635992570413
11291	0.048461737253707386
11296	0.08021250542397952
11387	0.08021250542397952
11462	0.085725037292625
11524	0.085725037292625
11585	0.0172447631915678
11685	0.06869300260063527
11719	0.08389288649828866
11762	0.047611736961680404
11775	0.04605626228739106
11809	0.032813496961877194
11823	0.024322805592664153
11834	0.0468117664461979
11878	0.046641145310051486
12085	0.027867529422360714
12133	0.02041160198792545
12209	0.008686700146164034
12248	0.1453841088355955
12261	0.07078876995059535
12285	0.05442006566480346
