390
t_index	tf-idf
46	0.0307317423079699
102	0.01210723910631717
109	0.015380914781440193
145	0.03832290532200611
191	0.06219766511958997
192	0.017727075166874703
310	0.014060343525117428
364	0.05038470129102536
414	0.1843904538478194
473	0.016088460988436394
480	0.04541250857607327
491	0.009420653456373726
496	0.0269361608009518
508	0.01701181647040993
543	0.00970741356009188
552	0.02950983798442586
570	0.034527323814988006
583	0.0286864697747033
599	0.02950983798442586
624	0.018841306912747453
632	0.022199550208826243
685	0.023140579293933698
740	0.030892361568604244
767	0.04056723900046855
804	0.034527323814988006
941	0.018854293558627774
955	0.032546850459334954
962	0.021411564173168245
1043	0.019176496288458297
1091	0.017357775708727374
1101	0.016088460988436394
1157	0.05207332712618212
1178	0.02894654275036004
1310	0.028511469457933616
1333	0.02519235064551268
1345	0.0371000009315033
1346	0.01628061637515371
1347	0.03230705096495172
1366	0.044486765083903895
1367	0.012292879481418292
1405	0.04079983242613721
1415	0.020696770646845615
1422	0.034527323814988006
1442	0.013995539613552403
1450	0.01724001059748955
1454	0.025714256477407757
1473	0.017601187631476476
1499	0.02950983798442586
1528	0.00840369113742352
1534	0.01701181647040993
1580	0.026321283862807816
1589	0.01690118913982751
1615	0.009796454003516255
1639	0.034527323814988006
1655	0.017357775708727374
1680	0.021153357215745475
1685	0.0269361608009518
1727	0.013160641931403908
1773	0.018123093463371553
1776	0.03230705096495172
1817	0.03832290532200611
1819	0.0269361608009518
1866	0.034527323814988006
1912	0.028511469457933616
1967	0.017601187631476476
2037	0.013931493659856601
2041	0.019344997786915594
2067	0.015538098066830118
2097	0.014608387194790039
2133	0.021396769138494576
2149	0.03680793740361628
2311	0.046281158587867396
2342	0.011278117689744035
2375	0.0307317423079699
2378	0.015217443937096444
2404	0.013995539613552403
2411	0.03230705096495172
2465	0.012786534863977203
2526	0.03702086963449569
2529	0.0269361608009518
2556	0.766458106440122
2609	0.022495615100879232
2615	0.004561899511298357
2641	0.018033688054993287
2679	0.016479760743824845
2710	0.019518849424164368
2825	0.012890840238940191
2870	0.03832290532200611
2889	0.03832290532200611
2921	0.018123093463371553
3175	0.02092030644389741
3209	0.021396769138494576
3225	0.024277584759994496
3226	0.05038470129102536
3258	0.019884042495454498
3260	0.06267073054348635
3377	0.03832290532200611
3422	0.023493983627371474
3424	0.022579606811510423
3438	0.016479760743824845
3454	0.011421862430078342
3502	0.013743731267051161
3578	0.012633710062793003
3624	0.01498103888237629
3649	0.017357775708727374
3654	0.03770858711725555
3679	0.024715887950915515
3702	0.029122240680275645
3721	0.03832290532200611
3724	0.03832290532200611
3730	0.015217443937096444
3740	0.03586073810128763
3765	0.02092030644389741
3772	0.014608387194790039
3801	0.015723267917146268
3807	0.015380914781440193
3821	0.03832290532200611
3862	0.015723267917146268
3867	0.009337474136231502
3872	0.03545415033374941
3898	0.00993540976420588
3913	0.008616602619864208
3924	0.026291196607897336
3967	0.03680793740361628
3976	0.034527323814988006
3978	0.025714256477407757
3980	0.017601187631476476
4009	0.01581230836057064
4012	0.025470235796497716
4027	0.006000872496498152
4056	0.034527323814988006
4080	0.00840369113742352
4099	0.01870003359386113
4147	0.008888597729788643
4156	0.014125923549874521
4208	0.016686421745958295
4267	0.013682547763298986
4306	0.028511469457933616
4340	0.02519235064551268
4358	0.010264762018099326
4380	0.0307317423079699
4387	0.017957794542580223
4423	0.011502987863764073
4428	0.00621444311042217
4471	0.021396769138494576
4486	0.022495615100879232
4529	0.009533561922843107
4569	0.018261730402940112
4570	0.034527323814988006
4593	0.019176496288458297
4613	0.03832290532200611
4644	0.024715887950915515
4653	0.031090286852634146
4676	0.01107097515787425
4749	0.027444498202033766
4754	0.03832290532200611
4766	0.027991079227104806
4767	0.014125923549874521
4776	0.019884042495454498
4802	0.02519235064551268
4907	0.022843724860156685
4917	0.006736348942317248
4964	0.013805606124458374
4977	0.021997006753775576
5008	0.023871779389189916
5081	0.017987880010389944
5223	0.015217443937096444
5224	0.01701181647040993
5286	0.015635652182099245
5313	0.02724408066839282
5344	0.019884042495454498
5347	0.034527323814988006
5362	0.008813067337580246
5368	0.0307317423079699
5417	0.019344997786915594
5494	0.024277584759994496
5512	0.031098832559794985
5527	0.01628061637515371
5593	0.011462274913262703
5654	0.0674868453026377
5741	0.03832290532200611
5809	0.020076197882171812
5812	0.008154229646814636
5817	0.03832290532200611
5983	0.00950511579852193
6004	0.011544005783028154
6027	0.007071530741076617
6038	0.009448663065359866
6049	0.008110069192820134
6052	0.018261730402940112
6089	0.012292879481418292
6116	0.03495625854063418
6120	0.023005975727528147
6125	0.013682547763298986
6126	0.017357775708727374
6132	0.006277025124363907
6133	0.03230705096495172
6179	0.03139171916031138
6184	0.0176762571115498
6228	0.008763286389121041
6281	0.021918674970389657
6321	0.021153357215745475
6328	0.1916145266100305
6329	0.014326511889394692
6373	0.022199550208826243
6405	0.018085715389110572
6411	0.03832290532200611
6476	0.013995539613552403
6512	0.02950983798442586
6525	0.025714256477407757
6554	0.018261730402940112
6626	0.0458740633640485
6635	0.02658991499509884
6668	0.019344997786915594
6716	0.010104167909633385
6777	0.021918674970389657
6799	0.027667360896208016
6837	0.03275856661586487
6874	0.02092030644389741
6950	0.01130238423682515
6970	0.031098832559794985
6985	0.0371000009315033
6993	0.0179819067139182
7010	0.008044489168063043
7185	0.018085715389110572
7211	0.02950983798442586
7224	0.011147030083501073
7248	0.00835748101831646
7342	0.014466148895922008
7446	0.00433652339609196
7462	0.046281158587867396
7468	0.007958253265861288
7474	0.02950983798442586
7497	0.012958740336741317
7506	0.01690118913982751
7513	0.010330342042856417
7525	0.10957038241764068
7529	0.025714256477407757
7776	0.01590282061333527
7824	0.024277584759994496
7847	0.020696770646845615
7909	0.004481958432893002
7922	0.06905464762997601
7961	0.03230705096495172
7993	0.015723267917146268
8009	0.01701181647040993
8018	0.04184061288779482
8029	0.0307317423079699
8049	0.008863304998366281
8140	0.03832290532200611
8209	0.006567847443859948
8248	0.016379283307932434
8438	0.03832290532200611
8440	0.03552021202524343
8465	0.0307317423079699
8472	0.009736933128171407
8489	0.013743731267051161
8608	0.018261730402940112
8665	0.010264762018099326
8671	0.017357775708727374
8672	0.034527323814988006
8743	0.014125923549874521
8793	0.010741224712696491
8836	0.015549416279897492
8846	0.006584466171691463
8849	0.018261730402940112
8895	0.021918674970389657
8913	0.014536806219714591
8917	0.07432868606852253
9071	0.015549416279897492
9121	0.020696770646845615
9139	0.02027534225084295
9158	0.016088460988436394
9172	0.03832290532200611
9177	0.0307317423079699
9203	0.1415094112543164
9221	0.01870003359386113
9243	0.01628061637515371
9294	0.020050012617118123
9313	0.023871779389189916
9379	0.019884042495454498
9394	0.04517613615482901
9401	0.003358432466510771
9426	0.026888858180942894
9452	0.023493983627371474
9461	0.02950983798442586
9473	0.034527323814988006
9519	0.010072606631382009
9534	0.009590901364227895
9620	0.00840369113742352
9625	0.019176496288458297
9627	0.01118545737535819
9740	0.043303013078307265
9751	0.017357775708727374
9760	0.026544796380538725
9774	0.039768084990908996
9777	0.00961979782504486
9798	0.02027534225084295
9805	0.031906733120407524
9814	0.02519235064551268
9821	0.011544005783028154
9832	0.044399100417652486
9875	0.01724001059748955
9877	0.01432751195635345
9924	0.03832290532200611
9954	0.020482003252976395
9960	0.00909525873192209
10038	0.026544796380538725
10060	0.01701181647040993
10065	0.023871779389189916
10110	0.04383734994077931
10124	0.01158533327442209
10173	0.014608387194790039
10185	0.019176496288458297
10211	0.021153357215745475
10269	0.010531930449335349
10275	0.003470379124076433
10349	0.005926571945197218
10385	0.013160641931403908
10394	0.020696770646845615
10412	0.034527323814988006
10417	0.009978999794405339
10456	0.01747812927031709
10465	0.03295952148764969
10466	0.01840396870180814
10535	0.03740006718772226
10590	0.03230705096495172
10602	0.013051120948257817
10632	0.028511469457933616
10705	0.01906881613383553
10771	0.07291837515200737
10803	0.025368358473613486
10831	0.018261730402940112
10880	0.012245876045885727
10913	0.010297453856201413
10962	0.03230705096495172
10975	0.01299717108706016
10990	0.008739488249162078
10999	0.021153357215745475
11001	0.03832290532200611
11006	0.019884042495454498
11024	0.02950983798442586
11034	0.015053071207673616
11038	0.01432751195635345
11049	0.01724001059748955
11060	0.009766612694691168
11069	0.0269361608009518
11083	0.01855000046575165
11096	0.013160641931403908
11111	0.020696770646845615
11143	0.014828921694634631
11164	0.03832290532200611
11189	0.14829532770549309
11229	0.020793433992707482
11242	0.02950983798442586
11250	0.045617213902265294
11253	0.019652917654356616
11272	0.0034328087083054814
11450	0.015464517422414252
11510	0.03832290532200611
11660	0.01724001059748955
11717	0.012890840238940191
11722	0.01969840212035337
11764	0.11496871596601833
11777	0.010705782086584122
11805	0.09427146779313886
11865	0.01513750285869109
11869	0.029657843389269262
11877	0.021997006753775576
11893	0.012633710062793003
11908	0.05264256772561563
11913	0.012388114344753754
11940	0.05436928039011466
11951	0.039915999177621356
11952	0.03230705096495172
11971	0.01056626201394092
11977	0.012061795969019256
11999	0.03832290532200611
12010	0.020529524036198652
12018	0.015217443937096444
12050	0.019518849424164368
12055	0.03832290532200611
12084	0.02599434217412032
12086	0.0269361608009518
12121	0.11496871596601833
12127	0.022448312480870328
12148	0.004369744124581039
12209	0.006997454146482182
12211	0.034527323814988006
12235	0.013931493659856601
