315
t_index	tf-idf
60	0.05516515087336568
83	0.022496344272197454
117	0.07414871608470913
161	0.04697325853730601
212	0.02812640399017708
234	0.019428172941242307
306	0.07414871608470913
340	0.01760862766458458
348	0.07837843235878815
386	0.01901263225145235
451	0.015112137093964402
452	0.03249130080083111
459	0.02707913934337568
480	0.029288656281913707
488	0.01839088468827999
491	0.01822746351300181
589	0.02444421613318156
624	0.01822746351300181
892	0.045457115191223196
936	0.02494172205732142
940	0.023876494824458278
953	0.02064584783263437
972	0.12678631373555688
975	0.04413102051884636
976	0.014003909906829537
1020	0.02525183969347632
1199	0.015274514670306102
1217	0.03962941304397782
1235	0.06671334755805056
1240	0.1790933364455854
1241	0.057096834909238454
1325	0.042952592759121604
1535	0.020713982662140622
1546	0.08597557870146338
1569	0.06680487059138093
1639	0.06680487059138093
1693	0.02707913934337568
1733	0.021493894675365846
1750	0.01839088468827999
1809	0.029288656281913707
1834	0.04352543115535043
1884	0.02869160089348593
1916	0.05516515087336568
1917	0.018725489216839784
1984	0.04047745988670929
1988	0.07296010823342597
2035	0.06250899636669388
2087	0.027721452935925664
2094	0.02992137736183533
2120	0.037765863837611297
2131	0.04477333411139635
2137	0.0329151544996582
2152	0.04047745988670929
2229	0.07452100319609323
2259	0.057096834909238454
2270	0.04352543115535043
2342	0.02182136086813238
2390	0.03742948861806815
2406	0.06680487059138093
2440	0.05466282297404495
2449	0.09335061392278388
2451	0.04618808979885547
2452	0.06250899636669388
2660	0.025044089322018046
2679	0.031885711437335186
2686	0.02156772723529943
2689	0.04667530696139194
2710	0.037765863837611297
2730	0.07414871608470913
2741	0.037337965584737766
2752	0.025900711583650926
2790	0.08316435880777699
2806	0.023784763260311093
2825	0.02494172205732142
2842	0.045457115191223196
2974	0.05086927664867863
3022	0.04477333411139635
3053	0.08826204103769272
3066	0.03228556755064962
3073	0.03742948861806815
3107	0.07414871608470913
3157	0.05946102509805273
3173	0.02992137736183533
3251	0.01907100666619713
3255	0.040928375999928955
3314	0.037678828574721775
3343	0.03990600701791853
3442	0.04352543115535043
3553	0.03678717502551816
3561	0.03270110824043957
3572	0.02646860575818962
3578	0.02444421613318156
3585	0.03131287304110636
3678	0.0742069301293746
3702	0.018782298626267856
3740	0.01734620369801137
3796	0.07414871608470913
3836	0.07414871608470913
3867	0.018066524780890512
3883	0.04515506373701427
3898	0.0192234349562301
4038	0.018501249534923644
4057	0.05180142316730185
4080	0.03251960690227669
4105	0.06250899636669388
4113	0.02944332953218997
4122	0.023514239726320895
4124	0.03506529842925386
4134	0.02913620862338479
4147	0.01719802045067879
4294	0.02812640399017708
4326	0.040928375999928955
4387	0.011581823784470986
4440	0.057096834909238454
4615	0.0371034650646873
4653	0.04010316777843324
4803	0.013268098536057217
4849	0.0342990661202845
4881	0.025900711583650926
4902	0.021716954061010024
4989	0.046156345701909816
5017	0.05353193529218366
5081	0.03480368194032317
5111	0.03884424430552727
5154	0.04388962157717102
5160	0.07414871608470913
5177	0.07414871608470913
5198	0.013967687890439964
5208	0.07414871608470913
5218	0.06250899636669388
5221	0.05135995180450861
5227	0.03335667377902528
5251	0.06680487059138093
5294	0.07414871608470913
5316	0.04782130538003749
5327	0.056810468031505044
5328	0.05946102509805273
5331	0.048743184782702544
5340	0.057096834909238454
5471	0.14829743216941826
5580	0.025044089322018046
5597	0.02369381910127551
5600	0.04477333411139635
5643	0.09564261076007498
5693	0.12501799273338776
5739	0.060504991712306326
5803	0.06377142287467037
5845	0.1000700213370758
5852	0.3756613398302707
6004	0.06700743589978841
6011	0.057675480337388084
6027	0.05472914131103614
6043	0.06680487059138093
6049	0.015691691769007223
6054	0.059200588642477875
6066	0.048743184782702544
6106	0.038472454246967484
6132	0.012145043542295845
6184	0.03420074127970673
6200	0.025357262747111378
6221	0.016259803451138345
6233	0.04047745988670929
6329	0.027719517965693954
6421	0.01223677510644303
6453	0.030947494437794737
6525	0.049752989415910255
6597	0.02944332953218997
6626	0.017751800764852495
6635	0.05144724913525751
6716	0.01954995508060858
6762	0.2225644882791074
6849	0.07414871608470913
6862	0.06680487059138093
6993	0.0173960622816664
7144	0.05057488200146433
7148	0.06671334755805056
7190	0.04782130538003749
7194	0.030252495856153163
7220	0.045457115191223196
7224	0.02156772723529943
7227	0.010643117490845231
7237	0.01202395731606157
7277	0.018119899853343852
7339	0.029288656281913707
7418	0.07414871608470913
7428	0.04477333411139635
7444	0.02274179763141176
7446	0.008390481864298518
7450	0.030085643124739953
7497	0.006268274482132874
7516	0.040928375999928955
7519	0.03454837008084022
7520	0.1120138967542133
7521	0.05516515087336568
7523	0.05946102509805273
7573	0.01822746351300181
7616	0.04189221557416842
7623	0.05946102509805273
7639	0.04697325853730601
7756	0.04047745988670929
7769	0.049752989415910255
7791	0.016081733217910416
7793	0.07378369362689882
7921	0.04618808979885547
7959	0.06680487059138093
8126	0.05202565657139416
8128	0.08289407337106032
8135	0.030085643124739953
8158	0.02601282828569708
8179	0.024156553318870882
8182	0.02612614411959605
8215	0.03533353881929076
8281	0.021771359405787366
8283	0.016955562971443242
8303	0.03742948861806815
8314	0.042952592759121604
8318	0.03506529842925386
8352	0.0371034650646873
8359	0.03249130080083111
8368	0.042409143922582056
8513	0.01729657864487806
8564	0.06680487059138093
8565	0.06250899636669388
8590	0.022908650362824967
8616	0.03358453050660076
8645	0.06680487059138093
8676	0.02854744996950337
8710	0.022577531868507136
8768	0.05086927664867863
8784	0.09624950219153833
8792	0.030085643124739953
8805	0.07414871608470913
8817	0.057096834909238454
8844	0.04697325853730601
8846	0.012739892986499812
8905	0.029759619571359103
8925	0.025463745346672045
8963	0.06680487059138093
9004	0.045457115191223196
9186	0.024062375547884582
9223	0.03634709036096089
9229	0.03087883925072087
9294	0.012931193329852889
9401	0.032490158738823514
9441	0.06377142287467037
9457	0.06680487059138093
9528	0.042952592759121604
9540	0.02233581196659614
9558	0.03480368194032317
9574	0.022908650362824967
9576	0.03150039881219908
9592	0.06540221648087914
9593	0.0539104412539126
9594	0.057675480337388084
9595	0.07414871608470913
9618	0.06680487059138093
9658	0.038472454246967484
9682	0.04697325853730601
9777	0.018612776138137915
9887	0.049752989415910255
9943	0.022908650362824967
9960	0.01759787656399323
10059	0.04477333411139635
10073	0.02601282828569708
10124	0.022415774078030904
10140	0.060844036688566215
10168	0.040928375999928955
10317	0.045457115191223196
10575	0.04438398681286711
10679	0.02745983644699498
10757	0.0342990661202845
10800	0.019735293850047488
10892	0.038472454246967484
10903	0.14829743216941826
10990	0.00845475868110472
11013	0.16549545262009704
11057	0.01719802045067879
11110	0.03381739547320795
11134	0.04189221557416842
11171	0.012902146225991739
11173	0.02745983644699498
11179	0.114339809093685
11228	0.12501799273338776
11253	0.01901263225145235
11272	0.019925813777414498
11349	0.07414871608470913
11354	0.05211717960472454
11375	0.03169130360723187
11377	0.048743184782702544
11450	0.02992137736183533
11478	0.06680487059138093
11585	0.013438713003520694
11719	0.021792363130056593
11809	0.10228523602532003
11823	0.018954577698119417
11824	0.02992137736183533
11831	0.057096834909238454
11865	0.029288656281913707
11877	0.04256070344339314
11878	0.07269418072192178
11925	0.013577210785808822
11971	0.020444033550307536
11976	0.02299307255829709
11977	0.02333765348069597
11998	0.017960574603223686
12035	0.022496344272197454
12084	0.025147455307502915
12106	0.03480368194032317
12148	0.00845475868110472
12171	0.03270110824043957
12209	0.006769479459655401
12247	0.056810468031505044
12248	0.13595607841361548
12285	0.042409143922582056
12286	0.07414871608470913
