241
t_index	tf-idf
28	0.0813661027181944
115	0.044453455051158934
118	0.15414347995295716
128	0.05303045856371796
132	0.055449150368913444
182	0.07314571491412712
234	0.06050623880537669
322	0.041974070882497105
333	0.0367550778972232
340	0.01370988195506805
370	0.0373532717507621
445	0.03132417433513774
450	0.04710851463663226
488	0.028637877173437926
511	0.0744662746224343
519	0.045136236163551474
572	0.1032384771415473
590	0.0297883509540543
634	0.051594928432909797
670	0.08413578340786225
767	0.017460666631475226
885	0.02907092536454202
921	0.06871984499813584
976	0.04361315495771099
1172	0.03689548886271909
1178	0.17442555218725214
1199	0.07135540498889602
1240	0.06972004145861381
1388	0.07314571491412712
1565	0.062357112552310856
1566	0.07078481016928281
1589	0.05092143945754861
1615	0.059031294817378004
1645	0.0925913876481383
1693	0.04216703435545987
1805	0.11319776367608753
1875	0.05828436836385156
1982	0.05680593004536432
2018	0.04905172140375355
2030	0.13151980523626725
2073	0.1777121019868271
2117	0.054195520524662234
2153	0.03417197196382527
2232	0.059349137074520567
2342	0.016989869244764574
2348	0.04316723081593783
2461	0.1489325492448686
2526	0.03717994744161556
2563	0.03214925569889861
2641	0.027166767583373427
2663	0.05303045856371796
2690	0.06451070748425049
2713	0.07590180475324244
2782	0.05229708498952929
2812	0.05192176775339583
2828	0.059349137074520567
2848	0.0744662746224343
3064	0.05379795456757403
3124	0.06303060152767205
3167	0.06871984499813584
3204	0.055449150368913444
3324	0.03746939677570794
3454	0.0344128257138491
3502	0.04140836327230795
3561	0.10184287891509722
3604	0.05125474753841778
3649	0.05229708498952929
3668	0.11456834380674719
3784	0.03746939677570794
3801	0.09474498258007794
3867	0.02813279112971284
3871	0.02685693333458338
3913	0.025960883876697916
3916	0.06871984499813584
3956	0.05125474753841778
3962	0.07078481016928281
3980	0.05303045856371796
4027	0.09039987156963375
4038	0.028809734861418558
4060	0.02322157470239225
4084	0.04583321747760118
4291	0.15494850020044917
4294	0.04379781160361994
4297	0.025744274346853314
4685	0.03965157870183442
4708	0.07192306759327804
4732	0.06303060152767205
4749	0.02756242656607784
4779	0.046592904271451144
4796	0.031425081003600634
4803	0.020660788354723507
4848	0.054806045070156253
4883	0.0367550778972232
4907	0.0344128257138491
4917	0.02029588462641334
4981	0.02175017335942779
5014	0.043584928793660854
5085	0.04015925533814755
5128	0.05777669172753844
5169	0.04819075099198545
5198	0.02175017335942779
5221	0.07997657624097526
5285	0.031834994980772066
5310	0.03593681819527672
5398	0.06767381500017955
5598	0.058808164384801215
5657	0.054195520524662234
5746	0.08590194771719653
5772	0.030765873807022417
5803	0.04965172166578851
5815	0.03214925569889861
5941	0.04996010800647608
5978	0.03811074889466226
5983	0.028637877173437926
6044	0.07187363639055344
6125	0.04122402404881655
6132	0.018911992061587585
6168	0.03998828812048763
6273	0.04996010800647608
6378	0.028215905607072166
6379	0.022796183467890502
6553	0.02322157470239225
6589	0.044453455051158934
6590	0.04560764505858752
6626	0.027642709881986263
6633	0.04847277818205385
6701	0.034780830314053185
6746	0.044762970867200505
6835	0.06472427701771538
6837	0.04934899411056648
6874	0.06303060152767205
6993	0.027088761816951586
7015	0.17781984638997367
7118	0.0315266086400845
7148	0.10388454310813304
7155	0.038216048571026257
7159	0.1544656460811199
7170	0.02969694801188209
7432	0.0376160483089913
7446	0.039196416017256666
7468	0.02397734907956482
7500	0.07192306759327804
7511	0.022796183467890502
7513	0.031124193839798107
7689	0.07921250778625478
7782	0.09733762081195879
7791	0.025042117790233822
7870	0.08335874068804029
7908	0.07160860381926976
8049	0.0267041712351787
8055	0.024302767694022526
8057	0.03580430190963488
8165	0.09161519336320458
8170	0.08335874068804029
8182	0.0406830513590972
8209	0.019788207990100212
8234	0.05728417190337359
8269	0.03541302217432707
8289	0.05680593004536432
8318	0.054602903910700086
8335	0.11656873672770313
8401	0.04104172176450461
8665	0.030926608378049534
8733	0.2109433870601334
8779	0.036205087339630765
8829	0.03246961894672781
8846	0.05951483521333202
8883	0.0526596971435788
8912	0.04905172140375355
8957	0.0599084512768161
8973	0.16202639383721706
9068	0.10388454310813304
9150	0.07314571491412712
9253	0.09733762081195879
9294	0.033560278417193536
9297	0.07390420321258792
9390	0.04122402404881655
9401	0.010118590715767779
9426	0.040506598459304266
9462	0.08115571455337606
9490	0.039485766362786355
9502	0.03358478582970677
9524	0.031025105320536768
9531	0.06027280663596673
9574	0.03567284154187001
9581	0.0338171585283625
9612	0.02907092536454202
9614	0.027804458127193586
9620	0.02531940480246095
9628	0.06972004145861381
9692	0.09733762081195879
9732	0.1145515086937517
9805	0.03204383560306839
9809	0.08335874068804029
9854	0.019247235300380857
9879	0.06165739198118287
9960	0.027403022535078127
10124	0.034905345538013936
10130	0.06523362766233629
10177	0.06048739449851579
10233	0.045370256950602074
10256	0.06688482346367569
10275	0.010455873784937843
10305	0.06048739449851579
10349	0.017856114856853567
10546	0.06373275808429153
10706	0.03541302217432707
10771	0.03661585184851333
10853	0.05512485313215568
10965	0.10621124257070391
10990	0.02633112487457827
11049	0.15582681466219953
11090	0.05229708498952929
11198	0.0921858417838335
11210	0.04634101863277618
11229	0.09397252300541323
11271	0.06523362766233629
11272	0.04137071288017245
11448	0.01763525226977977
11463	0.07590180475324244
11588	0.025888364248447183
11690	0.09733762081195879
11699	0.04905172140375355
11713	0.04104172176450461
11727	0.04934899411056648
11777	0.032255353742125244
11840	0.045136236163551474
11925	0.021142131084626703
11951	0.09019691389884431
11953	0.017460666631475226
11954	0.046592904271451144
11968	0.02450114510051447
12024	0.03528463095155534
12029	0.04467792366837999
12045	0.06716957165941354
12144	0.04791346397975832
12161	0.07921250778625478
12209	0.010541283063846635
12214	0.025042117790233822
12215	0.03528463095155534
12219	0.03122388108486246
