330
t_index	tf-idf
14	0.03510413801888498
25	0.02486784844927089
28	0.026155082379405694
75	0.02144429927104531
83	0.022521262034739677
110	0.023540284946591886
118	0.09909864874273608
175	0.08835980325867666
176	0.06724345988851478
199	0.023720063230141093
201	0.027361684744452087
220	0.04550746513201733
234	0.01944969228652444
259	0.09827619760060613
300	0.034093214889633655
333	0.04725958639522654
334	0.035372675521655496
340	0.04407032903968119
370	0.024014371271171793
450	0.060572009224034655
451	0.01512887584222753
457	0.03927300900324937
480	0.1466054872714595
488	0.03682251019133942
517	0.0918845542912147
519	0.11607211708224206
567	0.022360551917764974
590	0.038301786474810175
624	0.01824765290920186
665	0.0470252878131699
670	0.09465888071332425
680	0.047874273983180345
707	0.030913041767126163
720	0.034093214889633655
767	0.011225440543152736
798	0.05952688627469474
876	0.03652046074078529
885	0.018689661231251955
911	0.028020695720106577
928	0.042456117820433896
962	0.02073692621665925
976	0.056077684570709656
1020	0.025279809542160313
1070	0.10744982173516701
1172	0.047440126460282186
1178	0.03737932246250391
1199	0.15291433273831068
1202	0.031347556308997014
1225	0.03211929039096504
1267	0.03652046074078529
1386	0.05092562129476378
1516	0.011479673708218598
1542	0.041938616903531734
1580	0.05098389981940536
1615	0.03795114494444766
1625	0.019819729748547215
1693	0.027109133175077484
1733	0.0215177020885681
1805	0.01819367485479012
1807	0.03339362083434979
1882	0.0356481887989625
1893	0.04536888942370312
1946	0.014811049372650964
1983	0.032951612512299694
1993	0.05092562129476378
2030	0.09864623628647473
2073	0.04570035444249878
2086	0.02662138449311255
2087	0.027752158217336058
2121	0.057160077423531734
2153	0.04393823530548597
2160	0.029475942026240497
2210	0.04300016860051142
2213	0.022521262034739677
2239	0.03362172994425739
2252	0.03310192297999308
2255	0.03967330801162098
2342	0.010922765497352058
2359	0.010367869455797528
2419	0.034586637101982814
2435	0.022360551917764974
2440	0.027361684744452087
2443	0.03510413801888498
2458	0.03339362083434979
2615	0.008836325343494053
2629	0.06022138124086872
2631	0.04482292667159691
2641	0.017465480596661618
2655	0.02788557714380159
2662	0.019510475632242834
2789	0.05092562129476378
2790	0.027752158217336058
2812	0.016690219483386535
2825	0.024969348408523145
2828	0.03815548533046841
2835	0.03116308792375724
2922	0.07552592860882504
2997	0.03780769467092009
3018	0.05522625378472926
3068	0.06818642977926731
3095	0.024471291428872614
3136	0.0239955765074481
3251	0.019092130401227127
3252	0.018689661231251955
3268	0.10531241405665494
3321	0.07934661602324196
3322	0.03780769467092009
3333	0.04052229418163142
3351	0.041938616903531734
3382	0.02362979319761327
3502	0.02662138449311255
3542	0.043573641493214854
3572	0.013248961670432777
3600	0.035931049956577504
3661	0.03375757475934704
3690	0.02963308067515281
3706	0.024374426236921723
3746	0.05727639120368138
3784	0.07226708370950179
3856	0.028157557809985044
3871	0.034532577098210226
4027	0.01162359267067491
4038	0.018521742186399265
4040	0.041938616903531734
4080	0.0325556267921287
4084	0.014733058838909052
4125	0.12026792690781264
4234	0.06687886607624366
4275	0.02486784844927089
4294	0.028157557809985044
4368	0.042456117820433896
4387	0.011594652230345368
4428	0.0120372754849869
4529	0.01846635477698467
4607	0.27613126892364626
4685	0.02549194990970268
4692	0.05522625378472926
4747	0.06687886607624366
4766	0.027109133175077484
4796	0.06060943476243551
4845	0.03172640603847064
4917	0.026096397228476446
5085	0.051636669157067175
5270	0.04014758749391248
5285	0.020466678099450637
5353	0.02476731058941612
5374	0.023451525727370574
5391	0.06687886607624366
5398	0.07251235043945647
5404	0.03967330801162098
5406	0.022046257373120593
5433	0.029475942026240497
5436	0.06687886607624366
5523	0.06257823358627818
5561	0.047874273983180345
5640	0.05092562129476378
5660	0.05092562129476378
5670	0.02517530953627501
5736	0.035372675521655496
5766	0.03780769467092009
5772	0.029669012169012292
5815	0.020668715918557658
5912	0.10601149215581603
5942	0.05522625378472926
5978	0.008167117457032814
5983	0.01841125509566971
6005	0.05522625378472926
6025	0.019209983444832646
6027	0.013697440320619517
6033	0.030981772999162188
6087	0.04623924939349722
6219	0.03714456220121709
6228	0.01697434356471565
6259	0.02995451935890905
6305	0.06687886607624366
6379	0.043966912752629386
6405	0.05254760594316591
6415	0.03927300900324937
6421	0.02450065800006211
6519	0.05522625378472926
6553	0.014929121072054971
6626	0.017771463299831664
6633	0.03116308792375724
6635	0.03433615597634731
6664	0.04417990162933833
6668	0.03747094687004799
6743	0.0356481887989625
6746	0.01438902874128647
6772	0.0356481887989625
6835	0.04161115601687226
6988	0.041938616903531734
7159	0.01655096148999654
7170	0.019092130401227127
7195	0.027361684744452087
7237	0.0240745509699738
7243	0.03116308792375724
7248	0.01618830514504297
7308	0.035372675521655496
7317	0.043573641493214854
7337	0.02963308067515281
7432	0.024183309988850463
7445	0.01168171152732562
7446	0.08399775464724424
7468	0.015415007465401233
7486	0.05952688627469474
7497	0.006275217449096992
7511	0.014655637584209794
7525	0.035372675521655496
7546	0.023451525727370574
7550	0.03362172994425739
7562	0.05446931460086779
7599	0.05217490647314582
7692	0.042456117820433896
7703	0.03682792182778941
7812	0.027490251952543596
7908	0.023018540515010035
7909	0.008681480771545461
8123	0.03483066157573441
8158	0.02604164103280087
8165	0.019633097400268123
8181	0.04883344018819305
8259	0.04052229418163142
8281	0.014530316099290298
8289	0.03652046074078529
8295	0.041938616903531734
8335	0.03747094687004799
8412	0.02559963271075078
8414	0.07631097066093682
8433	0.03682792182778941
8440	0.022934024810468412
8513	0.05194721087824073
8558	0.04052229418163142
8621	0.06257823358627818
8676	0.028579070155028592
8734	0.0331703143800825
8737	0.04879717449273149
8779	0.06982861488656794
8793	0.04161115601687226
8942	0.09724846143262221
8983	0.032645704760177884
9050	0.06257823358627818
9138	0.030981772999162188
9202	0.07934661602324196
9286	0.03172640603847064
9294	0.07767309831671092
9297	0.03167527932205838
9314	0.14259275519585
9382	0.04623924939349722
9390	0.13251436519477003
9401	0.00650522920216545
9426	0.02604164103280087
9490	0.025385349366173045
9502	0.06477484928432643
9531	0.025832874217274263
9536	0.02626975014270847
9540	0.022360551917764974
9570	0.022766987266950152
9572	0.029168480939236373
9614	0.05362635312767914
9625	0.03714456220121709
9732	0.05523376528700913
9754	0.03211929039096504
9814	0.04879717449273149
9854	0.037122069857577024
9951	0.03510413801888498
9960	0.052852105820922674
10038	0.025708419970049502
10067	0.02381110812220832
10107	0.07494189374009598
10138	0.034093214889633655
10173	0.028296208997413586
10178	0.041445194691182574
10278	0.04993869681704629
10282	0.0233635031076704
10332	0.06687886607624366
10349	0.011479673708218598
10526	0.043573641493214854
10534	0.02268444471185156
10553	0.017980468383638405
10575	0.014811049372650964
10609	0.04333209893802319
10696	0.2503129343451127
10716	0.020600941471981694
10734	0.04879717449273149
10744	0.035931049956577504
10771	0.023540284946591886
10773	0.02886968189011702
10853	0.0354396985146929
10869	0.024471291428872614
10942	0.012562312220891962
10965	0.10242461072556511
10990	0.008464123476851907
11034	0.05831510943209272
11038	0.027752158217336058
11057	0.051651208795807854
11090	0.06724345988851478
11092	0.047874273983180345
11104	0.0940505756263398
11171	0.012916437108637132
11176	0.10185124258952756
11272	0.019947884327640733
11585	0.026907196413774422
11588	0.03328719341179836
11606	0.03652046074078529
11660	0.03339362083434979
11699	0.031535289790399386
11703	0.06968446350818502
11812	0.043573641493214854
11893	0.024471291428872614
11901	0.05631511561997009
11905	0.017415330787867205
11908	0.02549194990970268
11913	0.0239955765074481
11940	0.03510413801888498
11951	0.05798748212294336
11953	0.011225440543152736
11964	0.10718245839009227
11977	0.0233635031076704
12030	0.053591229195046136
12066	0.04417990162933833
12078	0.04300016860051142
12085	0.021741008542835387
12124	0.013015104469448088
12148	0.008464123476851907
12160	0.04052229418163142
12209	0.006776977579335167
12214	0.016099545925821655
12215	0.3856355601014765
12223	0.049808097621982815
12280	0.08714728298642971
