274
t_index	tf-idf
22	0.1587452472994798
103	0.01946073151780696
149	0.026113826035836583
186	0.026255767191714224
234	0.01704806498501147
245	0.02888278247259541
326	0.019599494767271682
340	0.00772571434356177
386	0.01668343138282558
445	0.01765161974073335
491	0.015994452150563897
567	0.019599494767271682
670	0.011852928982379801
673	0.021197180611862102
707	0.013547966136602417
767	0.009839335093113058
772	0.08105935218981875
786	0.031004895198507368
830	0.05485113991059116
852	0.02797945449224803
881	0.07638642924182343
885	0.016381881755475784
930	0.04888459151834023
949	0.06506490003925484
996	0.04573240455620757
1102	0.05217656971722333
1138	0.023983093035667293
1210	0.05485113991059116
1268	0.034774490166155296
1349	0.05431235329173155
1355	0.023127596543841337
1356	0.02888278247259541
1516	0.020124351635118845
1522	0.03124638838958564
1528	0.014267846323834259
1575	0.03344408661411857
1650	0.05485113991059116
1656	0.019669660874820825
1676	0.023983093035667293
1705	0.058620734878239086
1736	0.03313924077502694
1820	0.0968139494991508
1883	0.015005437249178665
1890	0.02833032500513954
1893	0.03976678724778438
1904	0.02797945449224803
1990	0.10854534719936691
2054	0.0372136815817665
2055	0.06506490003925484
2083	0.045652093832983076
2100	0.03313924077502694
2152	0.03551864442754389
2167	0.04158227013968736
2208	0.038193214620911714
2213	0.019740360570060334
2264	0.01668343138282558
2265	0.03228044923970717
2338	0.1301298000785097
2342	0.019148068079608074
2348	0.07297605377920496
2359	0.009087655970835745
2363	0.08965026301045353
2365	0.04277175132551603
2368	0.01613785291318297
2465	0.021709069439873382
2506	0.04365784674278226
2510	0.02833032500513954
2538	0.06506490003925484
2575	0.04277175132551603
2583	0.0376905535506014
2614	0.03551864442754389
2655	0.024442295759170115
2660	0.02197598629286726
2664	0.11172115534094328
2687	0.11724146975647817
2747	0.046878511684937514
2777	0.05217656971722333
2879	0.03237229788899324
2893	0.04573240455620757
2973	0.05010201190379802
2991	0.03284407423417606
3020	0.04196280958855965
3051	0.06506490003925484
3132	0.06751853631515418
3187	0.06506490003925484
3251	0.01673465446072594
3343	0.04668959886184039
3344	0.04865070251946998
3389	0.021280562023868806
3424	0.025557210894672288
3548	0.04697384125592513
3562	0.02833032500513954
3658	0.030097153752555873
3702	0.016481315485347498
3704	0.029674491646470645
3856	0.024680692542186307
3858	0.022925480646363253
3867	0.01585322971179229
3883	0.03962320406139694
3898	0.016868409055246763
3941	0.05060976859776041
3944	0.03174904945989596
4027	0.02037664763943461
4060	0.02617137818492216
4080	0.014267846323834259
4084	0.01291383641517765
4091	0.04697384125592513
4099	0.06349809891979193
4124	0.030769516420750747
4134	0.025566787959452542
4156	0.023983093035667293
4187	0.0376905535506014
4208	0.02833032500513954
4220	0.05217656971722333
4284	0.4062030490646133
4294	0.024680692542186307
4358	0.01742758564421417
4406	0.025050156991516734
4428	0.010550925520437243
4479	0.02253397163589207
4554	0.49994221423337026
4577	0.02869495860732543
4580	0.04463737978192748
4622	0.0376905535506014
4749	0.015531821131851503
4782	0.0484069747495754
4815	0.032010953120468304
4915	0.06506490003925484
5025	0.02055575629208706
5221	0.02253397163589207
5270	0.01759510306139551
5272	0.05485113991059116
5285	0.03587894894445091
5327	0.024925363639677504
5358	0.03632758616450027
5362	0.01496288813545683
5367	0.041218655327171054
5384	0.04052967609490937
5468	0.14255427136029622
5469	0.06884723930652757
5482	0.04697384125592513
5597	0.04158227013968736
5656	0.06506490003925484
5662	0.1436572787133438
5772	0.026005514125735374
5971	0.023983093035667293
5980	0.017881186098719234
5983	0.03227570582636594
5998	0.03375926815757709
6025	0.03367591027189693
6027	0.03601828490767848
6036	0.030794809673725162
6038	0.016042007063050538
6126	0.0294701545173202
6132	0.01065717770688189
6270	0.038724614400722925
6321	0.03591431967833595
6367	0.02040208394838099
6405	0.015353027830788858
6426	0.034423619653263786
6453	0.027156176645865775
6626	0.015577061927308034
6700	0.04277175132551603
6746	0.02522457357565571
6785	0.017263033293274027
6786	0.032010953120468304
6900	0.030973598842017166
6950	0.01918926799508588
7048	0.05485113991059116
7070	0.020326189934101176
7075	0.06506490003925484
7144	0.01109476271363578
7171	0.026113826035836583
7200	0.03124638838958564
7212	0.058620734878239086
7285	0.0484069747495754
7293	0.029270212077507296
7399	0.058620734878239086
7445	0.020478532443619645
7446	0.022087740392891738
7497	0.016501080833253672
7520	0.016381881755475784
7573	0.015994452150563897
7618	0.01704806498501147
7662	0.058620734878239086
7664	0.03375926815757709
7793	0.01618614894449662
7796	0.03313924077502694
7859	0.0294701545173202
7909	0.015219001532685104
7913	0.09013588654356829
7947	0.034423619653263786
8050	0.04365784674278226
8128	0.029095552195795543
8158	0.022826046916491538
8209	0.011150937900379757
8222	0.034085510933893615
8281	0.012736128133249997
8283	0.04463510906591742
8331	0.029674491646470645
8369	0.02197598629286726
8404	0.11886961218419081
8430	0.01759510306139551
8472	0.01653143401707566
8534	0.029674491646470645
8560	0.05060976859776041
8590	0.020102155837582
8824	0.021886159844123784
8846	0.01117915329417758
8928	0.02387175080522993
8956	0.01873248310310476
8983	0.014307323942050467
9107	0.023127596543841337
9223	0.015947139248857305
9224	0.031004895198507368
9229	0.04064389840980725
9294	0.05673508900909095
9299	0.05217656971722333
9333	0.16455341973177348
9389	0.016283500254128815
9476	0.03988825177513433
9531	0.011321529202568589
9574	0.040204311675164
9620	0.014267846323834259
9706	0.05010201190379802
9770	0.024680692542186307
9822	0.03228044923970717
9932	0.0484069747495754
9954	0.034774490166155296
10038	0.15773780145124452
10044	0.0484069747495754
10124	0.019669660874820825
10177	0.034085510933893615
10269	0.03576237219743847
10275	0.0235681370093503
10282	0.020478602611777207
10377	0.016995090681453
10417	0.03388483303440418
10424	0.05485113991059116
10450	0.034423619653263786
10553	0.015760259285828908
10575	0.02596439352165066
10580	0.029270212077507296
10626	0.03928823939519182
10639	0.04052967609490937
10665	0.03313924077502694
10687	0.05010201190379802
10705	0.021583447378531382
10706	0.01995574391214455
10708	0.03988825177513433
10722	0.03988825177513433
10773	0.025304884298880205
10800	0.05195268331275104
10880	0.04158227013968736
10935	0.054349694629427556
11096	0.022344231068188652
11110	0.029674491646470645
11171	0.011321529202568589
11229	0.1059097184444001
11253	0.03336686276565116
11272	0.017484740803160558
11445	0.02699992145310282
11686	0.04697384125592513
11719	0.019122622798436784
11761	0.043418138879746764
11812	0.038193214620911714
11823	0.13305991184586452
11878	0.015947139248857305
11922	0.05399984290620564
11951	0.10165449910321253
11976	0.02017623563288436
11977	0.020478602611777207
12060	0.04730597718308023
12076	0.09920889291427955
