346
t_index	tf-idf
37	0.0811345516529946
104	0.02121017435297516
109	0.024265209182724738
110	0.019172891117231937
208	0.014390477557978981
259	0.08004316176660334
266	0.03502241168578468
318	0.06751185951651503
319	0.060458908156122086
321	0.050968187580589304
326	0.018212032191334552
331	0.01924579303642367
339	0.016402048663225935
386	0.015502399067618213
400	0.029034433691848223
452	0.07947765010844787
474	0.02121017435297516
490	0.021118757350096357
497	0.10894186032437125
500	0.04801462924761831
508	0.026838149167221822
615	0.025684594679862584
624	0.029724386358697823
637	0.04609291139582354
685	0.03650699618037626
767	0.009142801362223443
824	0.07054059906974147
875	0.10894186032437125
911	0.022822057986535565
940	0.01946826437335621
962	0.01688963533619596
988	0.05447093016218563
1002	0.060458908156122086
1157	0.027383940715108083
1168	0.024667087510606395
1197	0.03899223159271639
1349	0.025233771030360126
1382	0.03548948901112007
1385	0.04364852866167195
1457	0.18686219941015572
1528	0.01325781504248721
1535	0.10133781201717577
1580	0.02076246660112841
1588	0.02207961627599374
1605	0.16985646427907314
1655	0.08215182214532425
1701	0.025684594679862584
1720	0.02218185209826626
1727	0.02076246660112841
1754	0.03300425359877993
1756	0.060458908156122086
1773	0.028591319838624386
1788	0.030793289671884286
1806	0.050968187580589304
1883	0.013943191366515716
1959	0.024908873095695186
2058	0.03706453324490098
2067	0.012256592187490813
2071	0.03265159948474543
2086	0.02168235887689667
2087	0.09041336737875172
2097	0.02304645569791177
2158	0.02649255003614929
2181	0.02881003598047202
2247	0.02776795176432106
2260	0.02719815234691162
2404	0.02207961627599374
2424	0.060458908156122086
2497	0.03899223159271639
2526	0.01946826437335621
2572	0.05447093016218563
2592	0.03706453324490098
2605	0.030519018186439803
2610	0.02776795176432106
2615	0.028787740517436093
2639	0.12091781631224417
2641	0.014225136125142831
2644	0.04655525382043376
2686	0.01758575615207669
2741	0.12177757087230964
2758	0.042494974174312715
2816	0.02168235887689667
2869	0.029501511017183617
2879	0.015040319616970567
2920	0.023160878909212652
3042	0.030253187176661193
3043	0.032312778562068344
3046	0.050968187580589304
3066	0.026324800568131888
3079	0.02719815234691162
3094	0.07004482337156936
3115	0.027383940715108083
3239	0.048482952168249174
3243	0.07301399236075252
3252	0.03044439271807741
3283	0.023394374911221108
3343	0.010846101998662651
3344	0.02260334184468793
3411	0.026663621490808972
3448	0.03502241168578468
3494	0.10894186032437125
3572	0.010790901643710289
3575	0.04655525382043376
3576	0.02207961627599374
3578	0.059793508081356514
3580	0.021395962721171627
3757	0.060458908156122086
3800	0.01924579303642367
3867	0.014730967980353372
3954	0.026663621490808972
4004	0.014022812447714379
4057	0.021118757350096357
4060	0.012159343586532213
4080	0.06628907521243606
4147	0.014022812447714379
4222	0.023394374911221108
4244	0.03899223159271639
4275	0.02025415375045085
4297	0.013480286379419755
4316	0.07727726161975697
4333	0.011658401748381023
4359	0.01946826437335621
4417	0.3882433469235958
4423	0.03629464316093734
4425	0.07483735047293469
4430	0.06846617395960669
4529	0.015040319616970567
4685	0.02076246660112841
4705	0.060458908156122086
4763	0.046788749822442216
4796	0.016454885685165118
4803	0.010818457731371087
4858	0.030519018186439803
4926	0.05447093016218563
4966	0.033755929758257516
4977	0.02313525031329744
5015	0.025088577257028066
5043	0.023276838048361267
5101	0.030793289671884286
5128	0.030253187176661193
5215	0.062153110501929044
5216	0.042494974174312715
5226	0.0681360232723119
5283	0.06390770728905452
5362	0.013903654335688327
5374	0.03820119852618322
5408	0.03899223159271639
5527	0.10273837871945034
5593	0.01808309209383542
5611	0.027966554215692916
5678	0.05447093016218563
5772	0.00805485491733123
5900	0.03337191870904454
5905	0.10193637516117861
5971	0.022285312330739517
5978	0.0066518843803547376
5980	0.016615363850751474
5984	0.05017715451405613
5986	0.12091781631224417
6004	0.018212032191334552
6025	0.015645983971189256
6028	0.029995292617745608
6037	0.1454488565047475
6054	0.02413529957440513
6069	0.042494974174312715
6117	0.031986746429523746
6119	0.03706453324490098
6126	0.027383940715108083
6132	0.019805496597861922
6212	0.044980209586652845
6228	0.013825119011564782
6281	0.03457929783256085
6365	0.033755929758257516
6367	0.03791561099408355
6370	0.035983270611682064
6477	0.030253187176661193
6513	0.050968187580589304
6553	0.012159343586532213
6599	0.021395962721171627
6615	0.04827059914881026
6665	0.05553590352864212
6687	0.12443240101516959
6692	0.14195795604448028
6698	0.02974487432598363
6740	0.017893220139575304
6759	0.0451209588509117
6772	0.029034433691848223
6788	0.050968187580589304
6789	0.05447093016218563
6840	0.07240589872321539
6864	0.042494974174312715
6891	0.019852275422569187
6920	0.03618953265834141
6979	0.13494062875995855
6994	0.02926481604229772
7004	0.10894186032437125
7026	0.050968187580589304
7096	0.03899223159271639
7118	0.016508047860054515
7144	0.010309356342866604
7225	0.04147746700505653
7227	0.04339058697514821
7228	0.060458908156122086
7248	0.026369826246590962
7388	0.017465770526648328
7446	0.01368275539227692
7455	0.04147746700505653
7497	0.010221971497920153
7543	0.04364852866167195
7544	0.03974390775219397
7689	0.04147746700505653
7698	0.07004482337156936
7750	0.060458908156122086
7796	0.030793289671884286
7819	0.017768918338110715
7824	0.038300756556004796
7833	0.03502241168578468
7904	0.031986746429523746
7909	0.00707081863906163
7913	0.06281632588562085
7914	0.03899223159271639
7983	0.050968187580589304
7992	0.050968187580589304
8044	0.050968187580589304
8055	0.025450961554717693
8057	0.018747945149057102
8113	0.030352733870147235
8128	0.013517928383014272
8135	0.1717172813475234
8154	0.05447093016218563
8158	0.02121017435297516
8170	0.04364852866167195
8281	0.029586320758511947
8369	0.020420290142904456
8370	0.03136942486233665
8389	0.031986746429523746
8396	0.033755929758257516
8440	0.03735821903333988
8472	0.030722323413218795
8509	0.10193637516117861
8513	0.01410317420076644
8530	0.05447093016218563
8543	0.04100914408442566
8590	0.01867910951666994
8591	0.0405672758264973
8622	0.12091781631224417
8676	0.023276838048361267
8711	0.01758575615207669
8879	0.028591319838624386
8906	0.07640239705236644
8925	0.02076246660112841
8942	0.0158412199902953
8944	0.021490377061554673
9044	0.035983270611682064
9086	0.060458908156122086
9102	0.10794981183504619
9131	0.027016275604843477
9294	0.010543754108776235
9379	0.03136942486233665
9389	0.015130779356159899
9401	0.02119329506311911
9429	0.02260334184468793
9502	0.01758575615207669
9519	0.01589072629286742
9540	0.018212032191334552
9550	0.060458908156122086
9569	0.05046754206072025
9570	0.07417224879426755
9571	0.044980209586652845
9581	0.01770743177137884
9588	0.024265209182724738
9612	0.03044439271807741
9614	0.04367713610365957
9777	0.015176366935073618
9805	0.016778879637646748
9844	0.05439630469382324
9860	0.04364852866167195
10063	0.026663621490808972
10073	0.02121017435297516
10092	0.025684594679862584
10098	0.018817333684011374
10141	0.10336101366602259
10147	0.044980209586652845
10149	0.046553676096722535
10225	0.04655525382043376
10263	0.02881003598047202
10275	0.021899731345157544
10296	0.048482952168249174
10407	0.03548948901112007
10478	0.030253187176661193
10505	0.048482952168249174
10524	0.035983270611682064
10534	0.036951667280320274
10575	0.04825271021112189
10584	0.02025415375045085
10601	0.032312778562068344
10602	0.02058968431842931
10674	0.060458908156122086
10706	0.05562918659570066
10716	0.016778879637646748
10880	0.019319315404939242
10914	0.027187416091494845
10990	0.01378757463579327
11025	0.02058968431842931
11035	0.03706453324490098
11078	0.15290456274176792
11099	0.01946826437335621
11115	0.027573812669368203
11148	0.04751379266409434
11203	0.024531040192503344
11262	0.060458908156122086
11272	0.01083132213850183
11354	0.042494974174312715
11445	0.10035430902811227
11503	0.03974390775219397
11581	0.011388884446181724
11700	0.042494974174312715
11713	0.06447113118466402
11767	0.04989156698195646
11777	0.03377927067239192
11823	0.04636518874633636
11824	0.04879420444063295
11840	0.04726871547250787
11925	0.011070499710038855
11940	0.028591319838624386
11951	0.015743050454827347
11953	0.054856808173340654
11954	0.024397102220316474
11968	0.012829355690074916
11971	0.03333905189529272
12024	0.036951667280320274
12025	0.09311050764086752
12033	0.055147625338736406
12042	0.12091781631224417
12050	0.030793289671884286
12052	0.01700182946061651
12084	0.02050457204221283
12103	0.02494578349097823
12104	0.020172268529242685
12124	0.010600431619170115
12136	0.04147746700505653
12148	0.01378757463579327
12209	0.005519655073305593
12230	0.06447113118466402
12235	0.02197857622175646
12237	0.03457929783256085
