241
t_index	tf-idf
67	0.04841494029148104
75	0.04493751619608453
199	0.07455972648748545
322	0.05654847139009052
340	0.01847028060890247
445	0.021100338125023016
448	0.30677017579927585
451	0.031703255704261205
624	0.03823879660432551
673	0.02533861961547618
803	0.06556778446714569
940	0.025044856860238232
972	0.05319616807558473
1026	0.024664875328340653
1138	0.05733766983079597
1329	0.04245816634233159
1340	0.02402965231774607
1367	0.024948636543540882
1473	0.10716585165000975
1516	0.036084276991417835
1528	0.01705545361676038
1535	0.021727591700241897
1546	0.0225456675894548
1625	0.0207665779916609
1720	0.057071477974826944
1828	0.03650675020823241
1883	0.03587430551099453
1904	0.03344599300299679
1917	0.01964179417965833
1939	0.06237066509520839
1988	0.11479545975956086
2078	0.05760708833325543
2083	0.08185718620781945
2092	0.02523983339031586
2153	0.02301864863606945
2229	0.10422344216765943
2252	0.017341650818633536
2264	0.039885976293823656
2342	0.011444578935391931
2348	0.029077962483290982
2359	0.010863173837017634
2368	0.23148979509972256
2510	0.0677308310036599
2536	0.053358491755873594
2581	0.026269585920227028
2605	0.0785220939407886
2643	0.03138553705633133
2660	0.026269585920227028
2662	0.22486804861260826
2686	0.022623113039834202
2689	0.0244796480880075
2790	0.029077962483290982
2796	0.03735121025095564
2816	0.027893168289175922
2825	0.026162209460225253
2886	0.04394215107062287
3053	0.04629050872486347
3143	0.04768149393843767
3252	0.019582522694335122
3343	0.08371750049371894
3344	0.08723388744987295
3372	0.03324207210450463
3417	0.05218758060810508
3424	0.0152752495048849
3463	0.03858730268325877
3472	0.035721950550003254
3578	0.02564035879710196
3586	0.059005458473379645
3629	0.041568621543434645
3651	0.024758659658365077
3653	0.053358491755873594
3722	0.03522794134734155
3795	0.1381118918164167
3867	0.03790116852795755
3898	0.07057437162916234
3913	0.01748756158620631
4113	0.09265228992496224
4165	0.03678116852489568
4247	0.04629050872486347
4297	0.017341650818633536
4333	0.059991583719595384
4412	0.057864578425540984
4639	0.04342515659160794
4676	0.022468758098042264
4689	0.028145755915478174
4790	0.053358491755873594
4796	0.021168310062634418
4850	0.03650675020823241
5119	0.02420747014574052
5270	0.02103277939323253
5343	0.03452581038537215
5362	0.017886290528708014
5392	0.05615144378189497
5651	0.03227508185522828
5747	0.06019116647996022
5852	0.3152350310427243
6011	0.0302488736310595
6027	0.014351808340127139
6044	0.02420747014574052
6054	0.03104874227757053
6092	0.029502729236689822
6132	0.025478687664537567
6200	0.026598084037792364
6367	0.02438817944692811
6378	0.019006571169063746
6379	0.015355781575796618
6415	0.04114919904460149
6421	0.025671128297932267
6426	0.04114919904460149
6453	0.032461865699969776
6523	0.03138553705633133
6525	0.05218758060810508
6553	0.015642330194361134
6585	0.05341955442133688
6598	0.04629050872486347
6762	0.28014643483159
6936	0.07777707717841778
7010	0.01632644627614138
7170	0.020004219029934305
7177	0.04768149393843767
7227	0.0334917695496744
7234	0.03858730268325877
7237	0.025224664850378317
7277	0.07602628467625498
7444	0.02385463488718491
7446	0.01760211612506225
7511	0.030711563151593235
7517	0.029795203409729663
7520	0.11749513616601075
7538	0.02351265783873115
7550	0.03522794134734155
7573	0.019119398302162756
7616	0.04394215107062287
7675	0.053358491755873594
7683	0.046964253011998996
7784	0.06530368517029116
7791	0.03373733954403777
7793	0.038697096435035015
7795	0.03227508185522828
7913	0.053873177396834955
8196	0.034301290079397063
8209	0.013329573351627835
8278	0.032091385488532805
8281	0.030448946211440227
8283	0.01778525913148503
8286	0.02994437849724224
8342	0.05319616807558473
8404	0.023682331014726634
8410	0.03522794134734155
8411	0.050161372383936295
8429	0.07777707717841778
8430	0.02103277939323253
8471	0.03104874227757053
8577	0.057864578425540984
8590	0.02402965231774607
8720	0.034988934777544514
8732	0.09392850602399799
8819	0.032091385488532805
8824	0.026162209460225253
8829	0.021871923302319275
8846	0.013363301381021698
8887	0.16459679617840595
8898	0.011163923183224799
8900	0.030561947211582258
8913	0.059005458473379645
8956	0.04478475439675083
9073	0.032845123581288244
9095	0.032091385488532805
9139	0.04114919904460149
9186	0.20191866712252687
9223	0.019062841553357357
9224	0.03706253487376724
9229	0.01619492548488336
9234	0.11778314091118292
9294	0.04973453001863713
9401	0.006816003613283426
9429	0.029077962483290982
9519	0.04088509974774696
9534	0.01946491972224763
9538	0.06954267180014814
9582	0.02716812576385233
9587	0.06997786955508903
9593	0.08482270708513577
9594	0.0302488736310595
9620	0.03411090723352076
9777	0.01952356564807867
9798	0.04114919904460149
9943	0.02402965231774607
10062	0.02533861961547618
10132	0.04927182758503934
10260	0.057864578425540984
10275	0.014086403037750335
10291	0.022241172455637545
10367	0.04200449612100176
10383	0.03104874227757053
10417	0.04050514597739535
10419	0.04114919904460149
10433	0.05654847139009052
10465	0.03344599300299679
10524	0.04629050872486347
10546	0.04293114738894624
10553	0.0565183486988953
10576	0.04505441629256034
10617	0.13113556893429137
10629	0.05112836263321264
10736	0.14781548275511802
10800	0.020701012154550762
10836	0.02402965231774607
10869	0.02564035879710196
10935	0.02165612279055785
10951	0.030561947211582258
10965	0.05365887158612404
10990	0.026605440519587888
11099	0.025044856860238232
11111	0.04200449612100176
11143	0.03009558323998011
11171	0.027066988500239995
11260	0.07777707717841778
11303	0.05615144378189497
11306	0.057864578425540984
11338	0.07777707717841778
11414	0.04927182758503934
11581	0.029302353335901653
11585	0.014096317153480432
11719	0.022858741169977558
11809	0.026822604343767455
11823	0.17893883499534638
11825	0.03547220122716557
11877	0.04464335043512878
11933	0.053358491755873594
11951	0.12151543793218605
11971	0.042888866031446655
11998	0.018839449566298433
12085	0.022779642066272417
12148	0.053210881039175775
12152	0.07007387113681308
12167	0.040355048626750274
12209	0.007100734229704463
12219	0.04206555878646506
12248	0.04753629805075572
12285	0.04448437456650038
