416
t_index	tf-idf
24	0.022969640684142898
47	0.03285135234774978
67	0.014162558923583176
110	0.02886032683939279
132	0.02185229240649844
198	0.02120156262558767
208	0.010830757947739833
259	0.0150607946639197
318	0.10162339728882236
331	0.014485031858739516
340	0.010806021277061246
415	0.03503905157373545
439	0.029912603179916116
462	0.02708222104464213
488	0.011286074930486181
490	0.015894687865248898
500	0.03613742665844217
543	0.02305255383368422
615	0.038662181549236424
642	0.022386993948789718
688	0.03503905157373545
767	0.013762360299655699
824	0.03539415334132153
845	0.030532297716024927
911	0.01717664927557579
913	0.03198314839956395
921	0.02708222104464213
931	0.023176066639004223
936	0.030612354849212667
1020	0.015496489687351359
1052	0.020067939317064857
1061	0.03613742665844217
1097	0.030532297716024927
1099	0.030532297716024927
1101	0.019102931524509398
1175	0.024840112535112355
1277	0.0338536202505334
1301	0.014882650056132587
1340	0.01405852676113608
1435	0.03285135234774978
1513	0.022969640684142898
1516	0.014074049484976132
1530	0.024319685140027383
1535	0.012711708240044155
1546	0.013190322812950243
1579	0.038205863049018796
1605	0.054788440373262005
1611	0.09594944519869184
1619	0.03503905157373545
1631	0.040940490474802915
1656	0.013756059600043478
1733	0.013190322812950243
1754	0.024840112535112355
1788	0.023176066639004223
1828	0.021358241807998217
1917	0.01149141425186273
1946	0.02723746080594763
1959	0.037494513182553764
1962	0.022969640684142898
1990	0.015182328509723276
1997	0.07297980451454894
2028	0.026710584386081815
2067	0.009224723968473732
2085	0.02789601570928386
2087	0.01701203614289335
2108	0.027476394541853424
2109	0.02540584932220559
2113	0.021518790000603878
2137	0.020199294722804045
2141	0.030487916168676254
2189	0.05765287799547581
2193	0.03285135234774978
2229	0.015243958084338127
2247	0.06269728639348521
2264	0.05833813757540823
2280	0.026025543858314404
2324	0.05765287799547581
2342	0.020086922245768874
2348	0.01701203614289335
2359	0.006355490211808047
2368	0.011286074930486181
2553	0.026359046264208964
2581	0.015368997927229096
2583	0.026359046264208964
2601	0.029912603179916116
2615	0.016249967112826048
2619	0.06243467648758468
2629	0.012305208916504459
2641	0.02141263283644763
2651	0.01677267642241606
2686	0.15882758645950207
2689	0.014321796387136715
2714	0.04914938634955077
2723	0.022203830528371292
2741	0.3895290757473339
2765	0.011739472129411222
2869	0.022203830528371292
3032	0.04370458481299688
3079	0.020470245237401458
3136	0.01470925654204685
3207	0.07297980451454894
3243	0.027476394541853424
3253	0.03285135234774978
3262	0.022575467186931604
3263	0.02934686639282288
3265	0.024574693174775383
3288	0.02934686639282288
3314	0.023122655043248216
3343	0.07346827404139271
3360	0.022969640684142898
3383	0.03121733824379234
3424	0.01787354233076959
3434	0.023609685382219924
3514	0.03648990225727447
3543	0.018565280618846602
3572	0.008121595914382423
3596	0.03648990225727447
3642	0.02298282850372546
3667	0.02185229240649844
3676	0.05141663296659639
3730	0.03613742665844217
3737	0.03648990225727447
3746	0.011703450588848877
3778	0.020199294722804045
3791	0.026359046264208964
3795	0.013467039954480897
3806	0.03121733824379234
3807	0.036525626915508
3808	0.021683403133286316
3811	0.01693126651488916
3856	0.01726054555497038
3862	0.0186693127812937
3867	0.022174045008346525
3869	0.021358241807998217
3898	0.011796992423947994
3913	0.010231082385038722
3949	0.03648990225727447
3972	0.04240312525117534
4024	0.03836037410824393
4060	0.02745459419088838
4074	0.027476394541853424
4078	0.040666717354803664
4084	0.027094036525021743
4106	0.04767568926465747
4107	0.03648990225727447
4142	0.0700781031474709
4204	0.016392341606784544
4207	0.028344598490039258
4222	0.05282218279023498
4275	0.015243958084338127
4292	0.03648990225727447
4316	0.029080734537669455
4358	0.012188054910166621
4387	0.007107506423903936
4417	0.018262813457754
4425	0.05632510979269841
4430	0.05152994782672738
4447	0.02934686639282288
4448	0.03836037410824393
4529	0.011319850961980784
4536	0.03836037410824393
4632	0.014215205943546628
4653	0.012305208916504459
4663	0.03503905157373545
4717	0.03503905157373545
4749	0.032586732208555715
4763	0.03521478852682332
4779	0.03672416119755568
4781	0.022969640684142898
4792	0.03121733824379234
4796	0.04953800405739468
4803	0.008142335553788991
4859	0.01899178571645004
4902	0.013327209372949867
4948	0.010317583059197163
4974	0.03121733824379234
4977	0.026118552549157452
4981	0.06857326324822635
5003	0.03503905157373545
5009	0.01726054555497038
5043	0.01751893206287365
5132	0.025708316483298195
5154	0.013467039954480897
5157	0.022025685920584175
5203	0.0338536202505334
5215	0.11694630925786667
5221	0.0315184546212309
5334	0.029912603179916116
5353	0.015182328509723276
5374	0.014375754136152288
5396	0.022575467186931604
5437	0.05023365935328602
5444	0.01760739426341166
5527	0.019331090774618212
5542	0.02089909546449507
5550	0.026359046264208964
5579	0.03648990225727447
5580	0.015368997927229096
5586	0.03836037410824393
5593	0.02721988796076136
5596	0.028344598490039258
5602	0.028344598490039258
5611	0.021048570356483186
5637	0.018565280618846602
5735	0.0338536202505334
5739	0.018565280618846602
5798	0.03836037410824393
5913	0.022969640684142898
5947	0.02120156262558767
5978	0.005006432158328706
5980	0.02501056457036566
6000	0.0338536202505334
6011	0.03539415334132153
6022	0.05579203141856772
6027	0.016793025463074904
6038	0.011219044734326248
6044	0.02832511784716635
6049	0.00962964055796447
6084	0.015894687865248898
6100	0.03648990225727447
6104	0.03503905157373545
6117	0.02407430237934075
6150	0.0125870679099765
6221	0.03991311200411596
6228	0.01040525006968452
6247	0.017093821767687024
6250	0.0387747103578398
6259	0.03672416119755568
6261	0.03648990225727447
6273	0.019689082367433802
6324	0.0639662967991279
6329	0.008505424347452602
6378	0.011119777593302412
6406	0.016392341606784544
6421	0.015018870826462707
6460	0.024319685140027383
6476	0.016617862645682064
6504	0.03198314839956395
6531	0.026710584386081815
6540	0.03198314839956395
6567	0.03285135234774978
6615	0.018165039112383843
6620	0.0338536202505334
6688	0.02075297984483227
6692	0.026710584386081815
6745	0.03836037410824393
6759	0.02263970192396157
6791	0.05869373278564576
6793	0.021683403133286316
6840	0.05449511733715153
6902	0.014652471277682943
6999	0.03503905157373545
7185	0.010737204226627602
7195	0.01677267642241606
7202	0.03198314839956395
7219	0.01693126651488916
7227	0.026125773399513712
7240	0.03648990225727447
7277	0.022239555186604823
7326	0.0338536202505334
7337	0.036330078224767685
7342	0.01717664927557579
7346	0.03648990225727447
7435	0.030532297716024927
7445	0.007160873657371124
7446	0.005149051208162127
7466	0.05765287799547581
7474	0.03503905157373545
7497	0.02692689975632472
7511	0.06288720467397187
7538	0.013756059600043478
7589	0.02061007581893249
7618	0.011922635549829648
7684	0.02407430237934075
7689	0.03121733824379234
7697	0.03285135234774978
7793	0.05659925480990392
7836	0.01944824478095605
7904	0.0481486047586815
7909	0.005321736187245687
7913	0.01575922731061545
8002	0.018775036597566137
8005	0.03503905157373545
8006	0.030532297716024927
8081	0.018068713329221085
8093	0.03503905157373545
8128	0.020348096118621324
8135	0.03692577365286474
8204	0.04336680626657263
8248	0.01944824478095605
8274	0.03836037410824393
8281	0.0178141289562394
8307	0.05579203141856772
8369	0.015368997927229096
8430	0.012305208916504459
8513	0.010614523767393485
8539	0.040940490474802915
8543	0.13889188190232016
8608	0.021683403133286316
8676	0.01751893206287365
8731	0.016694808767877146
8767	0.01899178571645004
8786	0.028826438997737906
8879	0.15063153000422716
8898	0.006531443349878428
8900	0.01788024009107919
8906	0.35939385340380725
8944	0.016174381372792174
8956	0.02620128081140227
8965	0.06570270469549956
8973	0.11174443965783651
8983	0.020011773676882776
9039	0.05271809252841793
9073	0.019216010399757375
9082	0.021358241807998217
9102	0.05416444208928426
9107	0.016174381372792174
9121	0.024574693174775383
9125	0.020470245237401458
9139	0.02407430237934075
9149	0.026025543858314404
9180	0.11337839396015703
9192	0.03121733824379234
9229	0.0378993071249219
9240	0.028826438997737906
9294	0.01587116871591587
9339	0.03198314839956395
9371	0.0338536202505334
9401	0.003987696864451896
9444	0.03836037410824393
9459	0.022025685920584175
9505	0.39699254776431875
9538	0.04068587841453168
9569	0.1519342857316003
9570	0.16747359562466219
9574	0.01405852676113608
9606	0.02185229240649844
9612	0.022913475043960817
9627	0.013281259560213084
9631	0.009655805065872651
9685	0.028344598490039258
9760	0.01575922731061545
9807	0.03648990225727447
9847	0.03836037410824393
9854	0.007585259846224821
10089	0.020067939317064857
10098	0.014162558923583176
10196	0.023837844632328735
10223	0.037130561237693205
10275	0.032964950379762596
10335	0.030532297716024927
10349	0.014074049484976132
10383	0.018165039112383843
10515	0.045939281368285796
10517	0.021683403133286316
10532	0.01596349137969093
10584	0.030487916168676254
10625	0.0338536202505334
10642	0.021683403133286316
10705	0.02264171129357494
10722	0.02789601570928386
10757	0.021048570356483186
10799	0.017697076670660766
10800	0.02422221757594308
10836	0.04217558028340823
10854	0.02120156262558767
10912	0.0338536202505334
10922	0.026710584386081815
10933	0.02721988796076136
10942	0.0308027228536951
10975	0.015432431322480017
10990	0.01037699290833307
10999	0.02511682967664301
11041	0.04240312525117534
11057	0.010554040806209176
11086	0.022769567315464527
11107	0.020470245237401458
11229	0.037034202277731514
11253	0.023335255030163295
11257	0.02407430237934075
11258	0.03285135234774978
11268	0.02120156262558767
11272	0.016304035479498637
11370	0.028344598490039258
11414	0.028826438997737906
11461	0.023176066639004223
11503	0.029912603179916116
11514	0.03836037410824393
11520	0.02789601570928386
11585	0.008247037839549333
11594	0.021683403133286316
11607	0.029912603179916116
11609	0.11158406283713544
11661	0.03121733824379234
11703	0.042716483615996434
11713	0.03234876274558435
11719	0.040120458700106
11767	0.0938751829878307
11823	0.09305600586491639
11825	0.04150595968966454
11834	0.022386993948789718
11848	0.03836037410824393
11905	0.03202672395603826
11908	0.015626531451012934
11933	0.03121733824379234
11951	0.01184874985199845
11968	0.009655805065872651
11976	0.014110334775815313
11998	0.011022003247932254
12033	0.02075297984483227
12045	0.013235632204958506
12052	0.05118459726295581
12148	0.03631947517916575
12209	0.016617113035512887
12219	0.012305208916504459
12230	0.03234876274558435
