367
t_index	tf-idf
25	0.021393878237229793
45	0.04751129762508625
49	0.029540264331809053
67	0.01987620665593599
74	0.0428500430154422
78	0.019802913548449905
103	0.019100648448445605
110	0.020251771714164764
131	0.020563765962550294
228	0.017665110120346533
276	0.051261280728114124
282	0.03977975309457803
326	0.01923684415327635
339	0.01732501077386965
340	0.007582764992901787
358	0.028728623607614346
369	0.039173003198189706
370	0.010329814739846175
445	0.0346500215477393
451	0.013015413387894956
475	0.051211143553498026
488	0.03167850652740189
489	0.04610468148545866
512	0.050986841185837614
583	0.01593430561093861
589	0.021052719144764434
590	0.016475565985976742
622	0.03915019708703042
624	0.01569850585389676
650	0.06626923683363671
674	0.02535823378220413
708	0.03378667737738207
767	0.0193145545847585
844	0.025225020572194345
911	0.02410628139307332
953	0.017781353002192687
962	0.017840034508760795
1020	0.021748289495515022
1321	0.03020018623368093
1352	0.05383622601596689
1373	0.03565541468334947
1485	0.049174971406322834
1564	0.03699316300307698
1636	0.04381145169667448
1694	0.0950225952501725
1733	0.018511738133151937
1735	0.03748652330579384
1750	0.015839253263700944
1805	0.031304136771232526
1917	0.016127433302936207
1946	0.012741986404271486
1959	0.026310523984446884
1998	0.05753607194437866
1999	0.04488621516261739
2043	0.0314186525565222
2052	0.05383622601596689
2067	0.012946284702550142
2068	0.0380080905639654
2073	0.019658070144981287
2078	0.023649939164750288
2160	0.02535823378220413
2180	0.166439743375489
2182	0.05950995755057124
2213	0.03875020701552437
2229	0.021393878237229793
2244	0.03448894247738637
2264	0.0327494737251302
2342	0.028190655360578572
2359	0.008919506533478554
2368	0.04751775979110283
2449	0.020099685813200915
2487	0.04381145169667448
2496	0.05753607194437866
2510	0.0278061273214851
2635	0.022023434244777398
2641	0.015025600867799785
2651	0.023539332442949593
2660	0.02156936331523983
2686	0.055725980526651536
2692	0.04751129762508625
2697	0.041980343074230105
2739	0.04751129762508625
2741	0.016078766825853075
2874	0.05383622601596689
2885	0.023430050384404984
2891	0.051211143553498026
2920	0.024464168158093963
2969	0.04381145169667448
3152	0.04045598410324636
3179	0.0278061273214851
3185	0.02997486755563092
3216	0.04118636923420562
3286	0.0428500430154422
3312	0.024343306221315714
3343	0.08019497227918437
3344	0.023875257842800292
3389	0.041773613045463336
3418	0.051211143553498026
3424	0.012542162152929446
3429	0.04118636923420562
3515	0.04381145169667448
3572	0.03419435420702115
3654	0.0314186525565222
3702	0.03235272145504843
3730	0.05071646756440826
3797	0.041980343074230105
3842	0.049174971406322834
3859	0.0638610003352593
3870	0.05211026569374769
3898	0.01655629188214367
3913	0.014358641605389104
3950	0.0319555687549377
4038	0.01593430561093861
4060	0.012843563811157534
4080	0.014003847517172683
4103	0.030911580842024073
4122	0.020251771714164764
4139	0.03345482470369739
4156	0.023539332442949593
4174	0.5764249710299657
4204	0.023005557901588203
4333	0.012314433400606459
4358	0.01710512199352435
4428	0.03106710335948079
4439	0.04381145169667448
4511	0.07497304661158768
4529	0.031773311341366156
4531	0.0790485341101559
4556	0.03748652330579384
4577	0.028164014086505734
4643	0.049174971406322834
4653	0.0518086194780037
4803	0.011427224769359635
4845	0.027294314145293645
4848	0.01515627053972383
4870	0.0428500430154422
5025	0.02017541191438852
5061	0.04610468148545866
5119	0.03975241331187198
5122	0.033134618416818355
5126	0.05753607194437866
5182	0.034131055712365736
5221	0.022117024222372227
5265	0.03699316300307698
5296	0.03282526869614979
5302	0.03282526869614979
5341	0.041938771508826016
5398	0.01247651479911244
5402	0.05753607194437866
5406	0.01896645569436065
5512	0.1554685799398529
5513	0.06232318982982642
5593	0.019100648448445605
5651	0.05300068061053831
5739	0.026055132846873844
5812	0.027176293542128107
5815	0.017781353002192687
5941	0.027632313631486605
5947	0.02975497877528562
5968	0.020563765962550294
5978	0.03513096775970515
5980	0.017550329451919658
5984	0.026500340305269154
5987	0.11245956991738153
5994	0.03345482470369739
6027	0.02356789096401684
6028	0.03168316217308476
6030	0.03915019708703042
6036	0.015112505742047791
6038	0.015745180855017495
6044	0.01987620665593599
6059	0.03699316300307698
6092	0.024224024224429472
6132	0.010459987315764675
6137	0.0639111375098754
6179	0.017436974667209025
6189	0.05383622601596689
6223	0.04751129762508625
6228	0.01460307433195247
6250	0.018139239767213326
6379	0.050433140865428716
6405	0.015068949846349157
6415	0.03378667737738207
6420	0.03378667737738207
6421	0.010538991643257884
6426	0.03378667737738207
6472	0.04381145169667448
6487	0.11745059126109127
6553	0.012843563811157534
6597	0.05071646756440826
6607	0.01694361436449216
6698	0.0314186525565222
6746	0.0123789208974413
6759	0.015886655670683078
6785	0.01694361436449216
6796	0.020643460292903936
6900	0.015200246252901938
6902	0.020563765962550294
6917	0.23979894044504735
6920	0.025483972808542973
6950	0.01883420783138414
6993	0.014982456849725335
7010	0.026810552130225148
7144	0.010889475661188324
7170	0.01642501215681737
7173	0.020563765962550294
7221	0.026349511370051967
7227	0.027499335074443763
7237	0.01035570111982693
7248	0.0417805299698524
7293	0.028728623607614346
7413	0.049174971406322834
7417	0.03977975309457803
7444	0.019586501599094853
7445	0.010049808471684466
7446	0.014452699748349436
7450	0.025911429989975487
7497	0.005398586785341977
7511	0.012608285216357179
7520	0.0643150673034123
7538	0.019305711973176425
7546	0.02017541191438852
7702	0.034131055712365736
7740	0.06972288168664996
7747	0.0628373051130444
7793	0.031773311341366156
7869	0.020804967921936125
7909	0.014937403444787431
7912	0.0428500430154422
7947	0.03378667737738207
7950	0.07860340514044988
7953	0.0844920422595172
8055	0.02688311638346908
8128	0.028557195468051827
8158	0.02240369521673371
8209	0.0656676686107236
8278	0.026349511370051967
8281	0.06875258939507686
8309	0.02040643546466155
8321	0.01863936179148709
8342	0.021839085695625097
8352	0.0319555687549377
8359	0.027983316244672988
8369	0.02156936331523983
8394	0.0319555687549377
8395	0.052699022740103935
8539	0.028728623607614346
8560	0.024836666524032575
8608	0.030431209783953958
8673	0.02680969002593772
8711	0.018575326842217178
8714	0.0638610003352593
8756	0.06757335475476414
8784	0.020723856784992643
8833	0.0428500430154422
8846	0.032916914273441136
8861	0.023875257842800292
8888	0.03345482470369739
8892	0.029330486292468837
8898	0.027499335074443763
8928	0.18744040307523988
8983	0.05617037871471152
9030	0.0380080905639654
9055	0.015468646273626395
9058	0.04610468148545866
9096	0.0380080905639654
9186	0.041447713569985285
9223	0.015652068385616263
9224	0.030431209783953958
9229	0.026594574631473054
9233	0.03977975309457803
9294	0.025986480936533864
9302	0.20990171537115052
9389	0.015982205683259882
9394	0.025093724165641568
9400	0.021748289495515022
9401	0.016789399582392856
9409	0.025493420592918807
9429	0.047750515685600584
9519	0.06713966282658125
9523	0.023322061635028934
9531	0.011112046276328388
9536	0.06779981432917646
9538	0.019033305391323495
9572	0.025093724165641568
9574	0.01973020445599321
9588	0.025630640364057062
9606	0.030668234612196345
9631	0.027102556530110705
9760	0.022117024222372227
9777	0.016030358527581435
9822	0.03168316217308476
9827	0.04381145169667448
9854	0.021290812353336134
9862	0.0278061273214851
10067	0.020484761635057084
10073	0.02240369521673371
10089	0.028164014086505734
10138	0.029330486292468837
10207	0.03524979489148675
10275	0.011566027186297921
10286	0.051211143553498026
10377	0.016680629510707565
10447	0.022211584061563715
10478	0.0319555687549377
10518	0.05753607194437866
10524	0.0380080905639654
10547	0.032236358380856124
10552	0.0638610003352593
10553	0.046405938820879185
10580	0.028728623607614346
10602	0.021748289495515022
10610	0.03448894247738637
10650	0.03652511462456157
10701	0.0428500430154422
10705	0.052960218929286984
10746	0.03652511462456157
10799	0.024836666524032575
10800	0.0339942664882966
10836	0.05919061336797962
10853	0.04573330477307757
10917	0.03740769857664387
10935	0.017781353002192687
10939	0.021393878237229793
10990	0.007281708645524458
11033	0.03448894247738637
11035	0.03915019708703042
11057	0.029623784409480325
11060	0.01627500971884485
11112	0.07131082936669894
11139	0.04045598410324636
11158	0.03168316217308476
11171	0.011112046276328388
11203	0.025911429989975487
11227	0.0428500430154422
11229	0.0346500215477393
11236	0.049174971406322834
11272	0.017161219607175256
11302	0.03486144084332498
11359	0.04381145169667448
11414	0.04045598410324636
11448	0.009753838434972437
11456	0.030668234612196345
11513	0.04751129762508625
11585	0.011574167442668204
11619	0.030911580842024073
11639	0.05383622601596689
11643	0.03486144084332498
11713	0.045399330506891475
11719	0.01876879577476093
11722	0.03282526869614979
11770	0.03448894247738637
11777	0.017840034508760795
11796	0.02975497877528562
11823	0.01632473705075956
11877	0.01221854870583029
11878	0.015652068385616263
11925	0.011693449439554441
11953	0.028971831877137748
11971	0.017607539312194196
11998	0.015468646273626395
12029	0.024710803248228875
12052	0.05387562577614174
12122	0.022599938109725486
12148	0.04369025187314675
12168	0.041980343074230105
12209	0.0174907572053726
