237
t_index	tf-idf
208	0.019281585518422156
213	0.21576020652783695
218	0.035051722813744114
232	0.03985471196076971
309	0.08100798623714454
331	0.025787150065489064
340	0.009618773883273141
370	0.01310341970662327
491	0.01991363022000865
622	0.09932442680690683
637	0.030879601086582817
1026	0.0770684096249457
1059	0.11387675987039655
1437	0.06496158203584704
1460	0.11569014735027669
1516	0.012527746905824916
1689	0.02340212454366963
1701	0.034414404027279084
1717	0.03462296883898741
1721	0.048915177834549524
1759	0.0729847841364958
1946	0.06465308428319134
1961	0.04203142291212528
2067	0.03284484889057692
2080	0.05325226720744306
2092	0.02628831205909456
2094	0.0653786242975504
2097	0.09263880325974845
2109	0.0452290651067943
2117	0.038023263739357785
2118	0.0623786878686889
2163	0.03342448197201399
2239	0.03669133234824437
2252	0.05418610193936617
2284	0.03150543100472731
2323	0.030578933951346605
2329	0.038023263739357785
2342	0.01191999399464967
2359	0.056572184800808126
2409	0.08100798623714454
2420	0.04633228366739139
2445	0.034835360740789335
2449	0.02549654817774157
2510	0.035272206315933335
2615	0.009643065673684387
2635	0.05587366464131481
2646	0.0729847841364958
2806	0.025985018710827767
2885	0.029721131662692354
2917	0.031998059983657644
2922	0.027473769217016848
3100	0.05325226720744306
3179	0.035272206315933335
3251	0.020835206961356646
3252	0.020395993092826855
3255	0.044714534448893124
3282	0.11943902591937301
3283	0.12538309133476455
3379	0.04125946799262225
3410	0.046926005287880324
3424	0.015909793046376314
3431	0.03669133234824437
3469	0.05693837993519828
3487	0.05693837993519828
3511	0.08100798623714454
3541	0.035496971317665604
3590	0.024577412036457996
3634	0.04576753586398987
3642	0.04091545350639921
3662	0.0452290651067943
3668	0.04019024368225233
3800	0.025787150065489064
3870	0.03305106139875438
3895	0.08178395146780154
3898	0.021001735924677273
3913	0.018214005973082738
4020	0.08100798623714454
4030	0.05325226720744306
4038	0.060638230039595065
4060	0.016292122500243523
4077	0.12992316407169407
4165	0.03830908156674263
4178	0.039211489050798624
4204	0.02918266090549679
4254	0.08100798623714454
4297	0.03612406795957745
4387	0.050612891026278355
4408	0.01933763906081038
4428	0.01313625670419928
4499	0.046926005287880324
4531	0.03342448197201399
4632	0.0759203678223669
4671	0.07720427210399072
4676	0.04680424908733926
4848	0.019225802114635825
4880	0.04163901130280465
4902	0.02372592282888888
4938	0.08100798623714454
5009	0.030728291299523862
5154	0.023974857883008887
5200	0.04966221340345341
5209	0.03774433376334111
5362	0.01862929836845565
5396	0.241141462093514
5401	0.08100798623714454
5834	0.08100798623714454
6036	0.019170286258178838
6049	0.017143282014607766
6084	0.028296706919424677
6095	0.05405704142619071
6125	0.028922536837569172
6132	0.02653708849118456
6140	0.03890280318723157
6265	0.03420953082264484
6370	0.04821344578290109
6379	0.01599367047053176
6421	0.013368761615201993
6477	0.08107158548441515
6589	0.03118828695014987
6698	0.07970942392153942
6759	0.04030459833603305
6902	0.026085236080437477
6976	0.046926005287880324
7003	0.06879840638173701
7010	0.03400931439491374
7173	0.026085236080437477
7185	0.019115035394885464
7200	0.03890280318723157
7237	0.02627251340839856
7248	0.017666267774333142
7357	0.03183150986012095
7417	0.0504608082285766
7421	0.03342448197201399
7446	0.00916665959002723
7468	0.0168223694319545
7511	0.03198734094106352
7513	0.021836554379194493
7518	0.04163901130280465
7612	0.0729847841364958
7663	0.0623786878686889
7691	0.04576753586398987
7701	0.05435548576804015
7705	0.1169680206584507
7801	0.05435548576804015
7812	0.03000006163870903
7830	0.04821344578290109
7909	0.00947408407573845
7913	0.11222220663044033
7947	0.042858562841438096
8049	0.01873549208470306
8081	0.03216704158160358
8157	0.036198703369314036
8182	0.05708598705477354
8196	0.03572618739958449
8281	0.023785361045134124
8283	0.01852407006298739
8298	0.04125946799262225
8342	0.027702985298935733
8362	0.043295408416582096
8369	0.027360841161459138
8412	0.027936832320657405
8415	0.05848401032922535
8453	0.0729847841364958
8641	0.1620159724742891
8642	0.06496158203584704
8684	0.027702985298935733
8726	0.046926005287880324
8733	0.024666110048126442
8734	0.036198703369314036
8762	0.08100798623714454
8775	0.14479481347725615
8824	0.02724900421528458
8900	0.03183150986012095
8913	0.030728291299523862
9009	0.03890280318723157
9073	0.03420953082264484
9213	0.08100798623714454
9223	0.01985472406802848
9243	0.034414404027279084
9394	0.03183150986012095
9401	0.035495723607006834
9492	0.08100798623714454
9519	0.021291746346241036
9534	0.04054700963755184
9612	0.020395993092826855
9627	0.02364412012882719
9631	0.017189861690675986
9777	0.020334586933518896
9805	0.022481769721201247
9821	0.0732060881398834
9827	0.05557503730667358
9854	0.013503748962920763
9879	0.021629234797317147
9887	0.05435548576804015
9951	0.03830908156674263
9957	0.0602683096712603
9985	0.05557503730667358
10081	0.05693837993519828
10148	0.03420953082264484
10204	0.0623786878686889
10247	0.06496158203584704
10269	0.022262677365445117
10275	0.022007341715772174
10349	0.03758324071747475
10466	0.03890280318723157
10504	0.04821344578290109
10705	0.013436058513386966
10751	0.0729847841364958
10776	0.0442219054699628
10886	0.08100798623714454
10914	0.054642017919248206
10942	0.027418456666170776
10975	0.027473769217016848
11053	0.04019024368225233
11060	0.020644928146946857
11108	0.31505431004727313
11117	0.03420953082264484
11191	0.029859756479843253
11272	0.007256363218304226
11448	0.024745581984356196
11581	0.06103918331375271
11713	0.028794634609311656
11719	0.02380830775947219
11727	0.45009859490683635
11728	0.036945738938217926
11777	0.04526033924833321
11800	0.034008220811476524
11878	0.03970944813605696
11908	0.027819318276972083
11968	0.017189861690675986
11998	0.019622052236305552
12140	0.04243760612792784
12148	0.009236882457881821
12209	0.06656132905207994
12219	0.021906494373751924
12235	0.029448765357893612
12237	0.04633228366739139
