381
t_index	tf-idf
75	0.01791818232541789
158	0.045512846926022255
173	0.04477914636533081
191	0.05033292406204297
208	0.04428969227099709
228	0.017157228423499097
322	0.04509576435733689
326	0.01868377423273832
340	0.007364756300900792
348	0.021854364597648678
369	0.01902337883338983
370	0.08026261477298599
386	0.01590395411133781
476	0.039292852160450045
491	0.015247165118586923
548	0.08486415221066164
590	0.016001884341623904
624	0.015247165118586923
640	0.02978650588658725
679	0.07604921448788718
707	0.012914982942914896
732	0.025887395542612046
779	0.055881878019179744
907	0.052288404709755015
911	0.023413212455762014
956	0.03159092110470506
1009	0.03349736628518854
1050	0.052288404709755015
1054	0.047286845377911196
1061	0.0246291705205194
1217	0.0331497689628184
1349	0.025887395542612046
1367	0.019895813395966012
1405	0.016508456252339623
1491	0.049738794821548096
1516	0.009592054463532966
1528	0.027202458294697474
1557	0.025447837907073407
1568	0.01710131280795717
1569	0.055881878019179744
1655	0.02809326057348014
1676	0.022862563601864862
1695	0.032492979970067504
1778	0.09231676115445314
1800	0.06699473257037708
1801	0.0620249612168114
1805	0.030404125506462334
1806	0.052288404709755015
1814	0.03159092110470506
1828	0.02911307351680427
1883	0.07152179307584339
1921	0.05269979354487171
1946	0.18563470860173495
1959	0.012777040926089951
1962	0.03130954522865314
1983	0.027533331513850227
2037	0.022547882178668446
2073	0.01909288974395568
2086	0.02224399198470015
2094	0.15017432816783172
2169	0.1404663028674007
2210	0.0359295890842189
2259	0.04776116375099997
2264	0.01590395411133781
2270	0.036408765005066984
2342	0.03650687788033238
2359	0.060641460474375734
2367	0.050895675814146814
2413	0.027354283087556885
2465	0.062084358352145694
2581	0.020949232177316986
2615	0.029533422676155253
2643	0.05005810938927724
2664	0.021300271952892184
2686	0.018041275910643598
2690	0.01732712363889363
2741	0.015616493377055105
2790	0.023188830960473358
2825	0.041727205135110176
2884	0.06183470593578606
2901	0.04776116375099997
2917	0.02449978726405541
2932	0.04359571162391644
2967	0.02376080977813216
3008	0.031036828459948568
3042	0.062073656919897136
3084	0.028899506660642782
3090	0.052288404709755015
3095	0.02044744181280033
3142	0.03745262842628479
3262	0.03077225371815105
3277	0.032492979970067504
3282	0.09145025440745945
3283	0.024000353972867813
3290	0.027533331513850227
3310	0.055881878019179744
3312	0.023643422688955598
3314	0.015759058311759108
3361	0.04477914636533081
3379	0.03159092110470506
3387	0.035474997355736664
3422	0.03802460724394359
3424	0.01218156804663918
3454	0.018486087322887746
3472	0.028487218571741645
3480	0.055881878019179744
3572	0.01107041586356837
3580	0.04390035475169697
3585	0.026193032577162524
3600	0.06004571155514107
3614	0.03423634377111179
3679	0.04000223831449171
3718	0.019972546305300362
3722	0.02809326057348014
3746	0.047858351889131116
3761	0.04776116375099997
3765	0.03385915511686006
3794	0.03802460724394359
3799	0.03863606316769916
3801	0.025447837907073407
3867	0.015112540823729516
3871	0.04328150373146602
3898	0.0080401446617897
3977	0.052288404709755015
4027	0.019424617248348233
4038	0.015476185502055286
4047	0.0620249612168114
4060	0.012474304240311958
4080	0.013601229147348737
4122	0.019669522064302117
4149	0.0359295890842189
4176	0.022862563601864862
4315	0.0620249612168114
4333	0.023920773244070454
4374	0.10778876725265671
4387	0.029064380706110293
4408	0.014806148979685331
4428	0.030173906936540054
4439	0.04255184820269864
4479	0.02148114753013829
4531	0.02559194832886215
4533	0.04359571162391644
4593	0.031036828459948568
4671	0.14778147826696833
4689	0.0673362698525188
4758	0.026672208498010604
4796	0.016881112768591798
4803	0.022197371460339812
4855	0.0359295890842189
4891	0.0662995379256368
4981	0.011683888075733274
5094	0.03130954522865314
5119	0.038609509418883504
5143	0.09947758964309619
5200	0.03802460724394359
5210	0.06376304809262387
5217	0.032815291695642256
5252	0.11407382173183077
5267	0.055432143838456814
5268	0.04359571162391644
5313	0.044094074617938926
5339	0.04614532151212336
5346	0.030265681807435333
5363	0.07281753001013397
5400	0.03745262842628479
5406	0.018421159591726185
5512	0.025166462031021485
5580	0.020949232177316986
5731	0.06926060353874659
5752	0.04477914636533081
5763	0.03863606316769916
5803	0.026672208498010604
5897	0.031036828459948568
5978	0.006824186597032316
5980	0.017045747762841706
6024	0.04359571162391644
6025	0.01605125826132868
6027	0.05722575262409757
6028	0.03077225371815105
6036	0.014678012834412451
6049	0.013126007094808479
6054	0.024760470635575266
6069	0.04359571162391644
6084	0.021665791618407475
6089	0.019895813395966012
6095	0.0206947861173819
6125	0.022144967539255555
6132	0.05079628444454815
6150	0.017157228423499097
6152	0.11176375603835949
6221	0.027202458294697474
6250	0.01761772658050051
6265	0.026193032577162524
6379	0.012245790035382089
6405	0.014635709194831353
6421	0.030707969394731947
6478	0.055881878019179744
6553	0.012474304240311958
6554	0.029556295653393665
6556	0.06376304809262387
6580	0.0620249612168114
6587	0.034630301769373296
6590	0.02449978726405541
6607	0.01645647607010614
6626	0.014849276050992842
6665	0.028487218571741645
6701	0.01868377423273832
6716	0.016353421470978242
6759	0.015429905523965103
6781	0.06771831023372012
6891	0.040733008607123734
6950	0.018292713928033767
6976	0.0359295890842189
6978	0.040773384967004944
7010	0.013019866955954747
7144	0.021152794413203113
7179	0.055881878019179744
7224	0.018041275910643598
7227	0.008902904655037928
7232	0.04614532151212336
7277	0.015157188755260533
7339	0.02449978726405541
7342	0.023413212455762014
7405	0.030265681807435333
7468	0.012880295635758177
7497	0.026216872130763423
7511	0.03673737010614627
7524	0.04000223831449171
7589	0.05618652114696028
7638	0.04359571162391644
7639	0.039292852160450045
7668	0.055881878019179744
7765	0.04614532151212336
7793	0.04628971657189531
7795	0.025738440848680287
7816	0.04161808055336832
7819	0.036458365008512156
7839	0.0620249612168114
7869	0.020206813574804205
7909	0.014507944825149654
7913	0.02148114753013829
7981	0.22389573182665404
8049	0.014345106253224472
8055	0.013055105951347502
8057	0.01923356881937711
8069	0.0188180585542307
8070	0.026672208498010604
8096	0.11787855648135014
8128	0.05547232057337064
8196	0.027354283087556885
8206	0.035474997355736664
8209	0.03188984338951646
8267	0.0620249612168114
8281	0.03035268835580227
8314	0.0359295890842189
8326	0.052077793187195326
8347	0.030515348899519387
8362	0.0662995379256368
8376	0.055881878019179744
8409	0.055881878019179744
8494	0.0620249612168114
8500	0.03159092110470506
8637	0.0369153369157827
8674	0.049738794821548096
8676	0.023879772579938886
8678	0.036408765005066984
8680	0.020778792392463007
8712	0.04614532151212336
8726	0.0718591781684378
8775	0.027716071919228407
8824	0.020863602567555088
8844	0.039292852160450045
8849	0.029556295653393665
8855	0.055881878019179744
8944	0.022047037308969463
8947	0.04359571162391644
9031	0.0359295890842189
9071	0.025166462031021485
9107	0.022047037308969463
9294	0.014422488697892462
9295	0.10389090530811988
9349	0.03385915511686006
9389	0.01552270842077582
9400	0.02112301413084072
9401	0.0054355650161261445
9456	0.0620249612168114
9524	0.01666625144143334
9529	0.19895517928619239
9531	0.010792568793322571
9538	0.03697217464577549
9540	0.03736754846547664
9551	0.031036828459948568
9558	0.02911307351680427
9576	0.026349896772435856
9580	0.040773384967004944
9755	0.055881878019179744
9758	0.0359295890842189
9777	0.031138953688323343
9807	0.049738794821548096
9977	0.055881878019179744
10005	0.055881878019179744
10020	0.031036828459948568
10021	0.030022855777570533
10140	0.025447837907073407
10141	0.02650958750119352
10159	0.036408765005066984
10242	0.0331497689628184
10275	0.0449339900030742
10349	0.019184108927065933
10375	0.024893745262316913
10390	0.0620249612168114
10417	0.032301678071111325
10465	0.026672208498010604
10507	0.055881878019179744
10515	0.03130954522865314
10532	0.021759576574686756
10553	0.060095656514075536
10594	0.027006685765186743
10597	0.03077225371815105
10679	0.04593998063834524
10716	0.10328099436720015
10780	0.0286909653763001
10785	0.052288404709755015
10799	0.024122598609803682
10800	0.016508456252339623
10823	0.049738794821548096
10875	0.2480998448672456
10905	0.04776116375099997
10913	0.06666500576573337
10914	0.013945822709085154
10934	0.0206947861173819
10944	0.03745262842628479
10951	0.024372265701887733
10974	0.04477914636533081
10990	0.00707235549020062
11021	0.03304243567760234
11034	0.02436313609327836
11060	0.015807094178216834
11115	0.02828805073688721
11148	0.024372265701887733
11191	0.045725127203729725
11213	0.030265681807435333
11221	0.03504258985827444
11253	0.01590395411133781
11272	0.011111883361051714
11359	0.04255184820269864
11377	0.040773384967004944
11398	0.052288404709755015
11448	0.06631387125596416
11590	0.055881878019179744
11649	0.049738794821548096
11701	0.04477914636533081
11725	0.052288404709755015
11727	0.34462463751551575
11728	0.11315220294754884
11774	0.0620249612168114
11777	0.03465424727778726
11799	0.055881878019179744
11874	0.03802460724394359
11878	0.091212376519387
11879	0.04776116375099997
11908	0.06390081585867655
11922	0.025738440848680287
11925	0.04542902517476917
11971	0.03420262561591434
11998	0.045071742385556654
12043	0.032815291695642256
12052	0.017442223901669943
12065	0.03745262842628479
12076	0.023643422688955598
12084	0.02103569721109467
12085	0.018166103265262027
12106	0.02911307351680427
12124	0.01087501213820564
12133	0.03991734580079653
12148	0.00707235549020062
12167	0.03218197979122932
12173	0.02911307351680427
12209	0.02265051766848943
12219	0.03354606198827428
12235	0.022547882178668446
