263
t_index	tf-idf
25	0.0247219683754025
67	0.022968203657245875
75	0.02131850246284546
78	0.022883508873751558
115	0.028411419267425263
144	0.07379539199033402
218	0.06386174364104172
273	0.12995408780866616
322	0.02682677701498843
339	0.020020136774910102
340	0.008762360628303769
445	0.020020136774910102
451	0.015040126647462572
459	0.02695010524959549
491	0.01814060830661996
510	0.03985413657927905
561	0.07379539199033402
630	0.04169259608092999
632	0.04274792049048324
767	0.01115958972783267
824	0.057400652424864605
885	0.01858002371409594
953	0.02054746884681703
972	0.02523643352215596
1056	0.07033034380788022
1199	0.015201730482691314
1225	0.06386174364104172
1230	0.06221113639422548
1268	0.03944057597148712
1308	0.06221113639422548
1516	0.02282466301445074
1534	0.06551662272748608
1535	0.02061527900884147
1568	0.020346616224412313
1579	0.030980278639811405
1631	0.03319772677121902
1676	0.027201175297893947
1733	0.04278294936774152
1959	0.015201730482691314
1988	0.10891867191453314
2071	0.03985413657927905
2083	0.02588887524265748
2094	0.029778799794521173
2116	0.04964574582872806
2137	0.06551662272748608
2229	0.0247219683754025
2264	0.03784407131638325
2284	0.028700326212432303
2323	0.02785632037537857
2359	0.020614098668760628
2365	0.048510919916502686
2391	0.049515912756245
2413	0.03254528505071751
2440	0.05440235059578789
2615	0.026353468754113207
2662	0.019396023043702856
2686	0.08585982170486928
2740	0.08160352589368183
2741	0.09290011857047968
2796	0.0354390689619217
2806	0.023671427111249862
2962	0.049515912756245
2983	0.049515912756245
3023	0.053276851677038536
3053	0.04392073295512298
3084	0.03438374455236844
3157	0.11835537786642188
3343	0.0926703212277884
3417	0.049515912756245
3424	0.014493255157651175
3543	0.030108340484821437
3553	0.10983564427968429
3561	0.03254528505071751
3586	0.02799237960320719
3642	0.05590878264387491
3678	0.03692666432039414
3706	0.024231440682413653
3807	0.029617812791832593
3898	0.00956591693627607
4004	0.017116070616323757
4027	0.046221624842081685
4060	0.029683087362286
4122	0.023402192641827486
4124	0.034898209699121906
4184	0.04674942750004866
4428	0.03589998682108492
4479	0.02555760892534168
4615	0.03692666432039414
4689	0.0267048745722644
4749	0.035231801725883714
4977	0.014119299518737699
5009	0.02799237960320719
5025	0.023313954103013363
5129	0.05682476428480654
5147	0.049515912756245
5198	0.013901130828699801
5221	0.02555760892534168
5226	0.05544398886660596
5227	0.03319772677121902
5283	0.07800495335478123
5392	0.053276851677038536
5511	0.04120206838794114
5580	0.0249247523915034
5597	0.023580916307831566
5643	0.04759343333710239
5747	0.02855488330163604
5836	0.05917768893321094
5845	0.19918636062731412
5847	0.07379539199033402
5852	0.2243227715235306
5971	0.027201175297893947
5978	0.00811920741365475
5983	0.018303250767959377
6004	0.022229380177187754
6027	0.05446835292101793
6028	0.03661188142656143
6044	0.04593640731449175
6049	0.0156169197017854
6059	0.04274792049048324
6084	0.025777292784955753
6096	0.06221113639422548
6132	0.012087171515141314
6150	0.02041314290474144
6184	0.01701888611404037
6207	0.07379539199033402
6228	0.01687476846483761
6248	0.10655370335407707
6250	0.020961029454608957
6329	0.013793716210302174
6367	0.023139661806628967
6378	0.07213422878289619
6421	0.01217846597162785
6476	0.02695010524959549
6480	0.049515912756245
6626	0.0176672121265057
6743	0.0354390689619217
6759	0.018358027222856222
6762	0.28795513772615905
6785	0.019579409298266147
6803	0.05062688079811693
6837	0.0315402922109752
6858	0.07379539199033402
6907	0.045240508688697986
6973	0.048510919916502686
6994	0.0714405415919736
7148	0.03319772677121902
7185	0.05223935054052288
7209	0.053276851677038536
7220	0.045240508688697986
7227	0.03177720675589977
7248	0.016093341113265942
7277	0.018033557195724047
7335	0.04674942750004866
7414	0.03365625309258944
7432	0.024041445562792366
7446	0.008350500600122787
7520	0.03716004742819188
7546	0.023313954103013363
7573	0.01814060830661996
7684	0.03904262520200839
7784	0.15490139319905702
7791	0.01600510257445182
7793	0.29372843556569955
7888	0.07379539199033402
7909	0.0172611067277197
7913	0.17890326247739177
7923	0.03865914861991545
8009	0.03275831136374304
8123	0.017313168763397776
8135	0.029942282818964768
8157	0.032975730279979305
8209	0.03794155525891532
8281	0.021667617274412136
8309	0.023580916307831566
8324	0.05682476428480654
8331	0.13462501237035776
8337	0.025342408724285587
8355	0.04596800014847699
8369	0.0249247523915034
8394	0.03692666432039414
8401	0.05246177437350635
8404	0.02246994826595963
8414	0.037931657160136446
8558	0.04028458180854085
8659	0.07379539199033402
8730	0.053276851677038536
8775	0.032975730279979305
8784	0.07184314966746752
8792	0.029942282818964768
8793	0.02068352807464565
8846	0.012679186457923534
8868	0.04392073295512298
8937	0.031163664894374696
8956	0.16996825418459596
9005	0.037931657160136446
9065	0.03661188142656143
9229	0.01536584965348694
9234	0.03725113434752631
9294	0.025739150482096445
9389	0.05540532376918263
9505	0.13996189801603595
9519	0.019396023043702856
9531	0.0256813330975535
9587	0.03319772677121902
9592	0.06509057010143501
9593	0.2950945471648727
9594	0.14350163106216154
9620	0.016182324289900712
9632	0.07379539199033402
9728	0.04169259608092999
9760	0.02555760892534168
9769	0.03319772677121902
9777	0.03704816977742578
9779	0.09518686667420478
9854	0.012301434640537616
9862	0.03213172444292558
9943	0.022799488956259897
10021	0.1428810831839472
10101	0.05891849347653218
10275	0.013365269969196916
10349	0.01141233150722537
10377	0.019275513802256512
10447	0.05133375750283554
10458	0.028700326212432303
10532	0.02588887524265748
10553	0.03574998228431508
10594	0.03213172444292558
10609	0.021538951827113743
10635	0.04169259608092999
10689	0.05917768893321094
10800	0.019641253721033945
10851	0.04120206838794114
10917	0.021613471175110473
11057	0.017116070616323757
11139	0.04674942750004866
11171	0.01284066654877675
11179	0.037931657160136446
11187	0.03865914861991545
11257	0.03904262520200839
11272	0.013220577204608154
11296	0.06221113639422548
11392	0.06648654046177248
11449	0.08146669854652777
11581	0.013901130828699801
11719	0.02168852091438796
11809	0.025449459835181504
11823	0.07545703095632786
11831	0.05682476428480654
11834	0.03630622397151105
11877	0.0423578985562131
11878	0.03617389379785001
12024	0.022551372947441427
12035	0.02238914753452712
12052	0.020752221762905882
12085	0.021613471175110473
12124	0.01293875510592028
12148	0.008414471133161898
12209	0.02694888956540154
12247	0.0848096429495115
12248	0.09020549178976571
12261	0.05490228486566393
12269	0.07379539199033402
12285	0.04220706122768345
