238
t_index	tf-idf
75	0.05040799553542179
102	0.055126278048184554
191	0.03539954228232541
192	0.0403571642572218
199	0.05575751514619628
234	0.022859688478332373
245	0.07745763642870408
266	0.05053912649325066
340	0.010359382329999214
370	0.014112332426008223
395	0.06298705329227504
445	0.02366899286024014
490	0.03047544408627933
543	0.04419947226144453
583	0.02176904653398676
590	0.022508502810206263
605	0.0649087367936878
707	0.018166418632848673
740	0.023443012047607223
860	0.039516423257803884
1114	0.04292337088530371
1178	0.021966405803139372
1366	0.03375927630216945
1405	0.09288421938693874
1442	0.09558603758414036
1524	0.0649087367936878
1544	0.04189816881193855
1568	0.04810995245039465
1580	0.029961298361763884
1636	0.05985410057980181
1683	0.058540648281914597
1689	0.07561199330313267
1693	0.03186201252804678
1861	0.0807143285144436
1883	0.10060368179584288
1906	0.03924832116576358
1990	0.05821922487816667
2034	0.19262952375646392
2037	0.1268648263036388
2049	0.05985410057980181
2087	0.032617775237978285
2149	0.04189816881193855
2167	0.02787875757309814
2252	0.01945274085083255
2342	0.012837787503936068
2359	0.012185604916112565
2378	0.03464377957239391
2390	0.08808099992727503
2458	0.03924832116576358
2629	0.07077962954997201
2664	0.029961298361763884
2764	0.04929145939707692
2837	0.030215720800510774
2879	0.0434078967742546
2888	0.03872881821435204
2925	0.08584674177060742
3029	0.05526994536349437
3209	0.04871152847084801
3260	0.05707005679966251
3332	0.2351276522960209
3345	0.08130100343152964
3389	0.05707005679966251
3394	0.07860433068888593
3410	0.05053912649325066
3411	0.038476965874943266
3416	0.044040499963637514
3543	0.07119173100375761
3607	0.05626777911237571
3746	0.022439437443549426
3786	0.02864784606387668
3811	0.03246291278940558
3858	0.030740693812034366
3871	0.020293481850250473
3913	0.01961641410077998
3956	0.03872881821435204
3969	0.05348601206802858
4012	0.028992557430743086
4078	0.0389858637497515
4080	0.01913170336377337
4103	0.042230622295029364
4313	0.05735248615216011
4355	0.045267680174682225
4551	0.2889442856346959
4653	0.02359320984999067
4689	0.03157208627948411
4803	0.01561158633657352
4849	0.0403571642572218
4883	0.02777266104508547
4917	0.046007579626062244
4931	0.05985410057980181
4932	0.0649087367936878
4954	0.06132241532626172
4964	0.06285922621644761
4977	0.033385346289882704
4981	0.0164347411824931
5025	0.027563139024092277
5119	0.027154372344608275
5134	0.07354969447499991
5198	0.0164347411824931
5270	0.02359320984999067
5285	0.04810995245039465
5286	0.03559586550187881
5310	0.027154372344608275
5362	0.060191047220914
5489	0.0671816059632267
5493	0.0671816059632267
5772	0.04649426603788314
5790	0.05626777911237571
5809	0.09141027585930166
5812	0.03712756697309399
5815	0.04858487221134409
5897	0.174627569027848
5947	0.04065050171576482
5980	0.023976817556666183
6036	0.06193897282563823
6038	0.02151066906132492
6132	0.014290170916859902
6200	0.029836008193631157
6340	0.0649087367936878
6353	0.07282723745279515
6405	0.02058681930879349
6421	0.014398104636946539
6517	0.04095090822286434
6599	0.03087546557649178
6681	0.04328473725370601
6684	0.05434609561096293
6698	0.04292337088530371
6701	0.026280891415327665
6720	0.11470497230432022
6740	0.05164165872521154
6759	0.0217039483871273
6835	0.024453293392925016
7144	0.04463078119382722
7170	0.022439437443549426
7171	0.07003186915129979
7195	0.03215884242723328
7196	0.07503509800658317
7237	0.014147697745599598
7277	0.021320340680451782
7348	0.05192569493501811
7388	0.025203997767710894
7446	0.019744913963968137
7468	0.05435288075910361
7497	0.007375413138003246
7511	0.017225121338217454
7573	0.021446902851727834
7721	0.049899690600602495
7909	0.09183196769395388
7993	0.035795330025920384
8055	0.018363517865773126
8058	0.05985410057980181
8064	0.045267680174682225
8123	0.04093730951554247
8181	0.01913170336377337
8209	0.014952252168678569
8281	0.00853891399998156
8300	0.05348601206802858
8472	0.02216693988805804
8489	0.18773249902655614
8517	0.033257211130626456
8560	0.10179368260759648
8733	0.026565305275210935
8743	0.03215884242723328
8836	0.03539954228232541
8846	0.014990086087840583
8865	0.07860433068888593
8898	0.06261483028147657
8918	0.11618645464305612
8952	0.03684353259805254
8983	0.019184638758792245
8989	0.05434609561096293
9071	0.03539954228232541
9107	0.031011710285571373
9116	0.03342232966105726
9188	0.03539954228232541
9243	0.03706418024833873
9294	0.030430349994056066
9326	0.3924832116576358
9327	0.09525364286212722
9341	0.20255565781301668
9365	0.04929145939707692
9389	0.043668972809934446
9502	0.025377143145456454
9572	0.0342824132039916
9614	0.08403778038703691
9620	0.01913170336377337
9631	0.055540243989888514
9687	0.087313784513924
9705	0.04871152847084801
9889	0.05434609561096293
9934	0.04615850668460369
9960	0.020706114638245954
9961	0.04711792355625537
10073	0.030607363484451474
10086	0.06298705329227504
10092	0.03706418024833873
10100	0.058540648281914597
10101	0.06965693676877525
10102	0.05053912649325066
10187	0.0649087367936878
10194	0.03775057012039544
10282	0.0549193678682444
10342	0.051213142898489696
10349	0.013492335042472445
10359	0.0671816059632267
10456	0.03979041817283047
10457	0.05053912649325066
10519	0.0671816059632267
10536	0.0671816059632267
10574	0.03728880374518879
10584	0.029227776990105595
10601	0.046628987682182266
10603	0.09262639672947534
10628	0.05192569493501811
10799	0.06786245507173098
10800	0.023221054846734684
10807	0.05526994536349437
10816	0.058540648281914597
10942	0.02952957195483259
11038	0.032617775237978285
11057	0.02023563364066738
11099	0.02809369853214465
11171	0.015180997426781367
11272	0.007815075166126806
11304	0.05626777911237571
11581	0.0164347411824931
11585	0.015812335711612915
11717	0.029347072319558055
11744	0.04328473725370601
11869	0.03375927630216945
11874	0.05348601206802858
11911	0.07354969447499991
11922	0.03620409670540438
11976	0.027054241149284036
12056	0.0403571642572218
12142	0.05348601206802858
12209	0.023895431455578302
12219	0.02359320984999067
