237
t_index	tf-idf
24	0.04165727633344446
25	0.05529226887498555
81	0.05140519123031974
115	0.06354396257611286
116	0.03348391857835037
168	0.08563609693657853
199	0.05274023269556611
228	0.04565530417858933
234	0.021622650983176884
236	0.07435070735382084
340	0.009798790947443544
386	0.021160173562793046
388	0.04241829280589977
473	0.034644690713195175
477	0.048441776260215653
488	0.02046819750314114
543	0.08361529189303654
583	0.020591028433615394
634	0.11062850562520789
673	0.026885117965037463
976	0.015585699037732877
1056	0.03932458189458564
1178	0.02077770773150813
1405	0.02196446224050996
1514	0.08252406510891493
1528	0.03619280682154954
1568	0.04550651298849226
1642	0.05322288405192415
1655	0.037378017159633646
1656	0.024947711803517285
1700	0.04026841850512156
1720	0.030277367928423057
1883	0.019031915514999064
1952	0.05322288405192415
1967	0.03790217735031988
2034	0.04555137491472773
2067	0.016729773039930243
2092	0.0803409074859875
2128	0.06354611610779645
2153	0.024423551612831055
2226	0.05537275835270236
2252	0.01840006815851517
2287	0.05661513401530975
2359	0.01152618866043304
2362	0.05059165056099386
2364	0.15610417137005667
2378	0.06553810697306868
2526	0.07972027774082778
2563	0.04595573276879491
2581	0.02787290417062123
2615	0.05894122417819951
2710	0.042031646275155814
2723	0.04026841850512156
2790	0.030852685087420076
2837	0.05716123259455934
2885	0.030277367928423057
2888	0.07326606572382548
2925	0.08120119996859072
2940	0.18874510988187027
3095	0.027205273270093155
3136	0.053352821043873094
3251	0.021225141565712875
3260	0.1349543674817397
3314	0.18870651037828848
3332	0.06354396257611286
3389	0.026990873496347937
3539	0.04983063408853856
3563	0.04504952629683006
3583	0.047199400597608264
3601	0.06617734959872673
3642	0.04168119349663133
3746	0.04245028313142575
3883	0.025127740685175662
3898	0.021394787148203483
3914	0.09966126817707711
3965	0.08252406510891493
3969	0.10118330112198771
4004	0.01914059520322488
4009	0.13620010839007687
4103	0.03994533904315052
4297	0.01840006815851517
4333	0.17504592916421147
4359	0.02657342591360926
4387	0.012890030071158074
4393	0.04129442731370547
4524	0.02775897417610595
4551	0.04555137491472773
4647	0.05059165056099386
4764	0.05661513401530975
4767	0.030418587133684904
4790	0.05661513401530975
4803	0.029533550552924042
4862	0.048441776260215653
4883	0.026269761165868863
4917	0.029011939154463786
4977	0.015789359760148718
5025	0.07821473188713475
5161	0.048441776260215653
5217	0.04366066846850716
5241	0.06956959956211234
5283	0.029077180728353226
5345	0.05059165056099386
5362	0.05693384700335543
5406	0.024509309537742826
5611	0.11451978598463035
5777	0.05314685182721852
5812	0.12291451309414575
5897	0.04129442731370547
5947	0.11535217705055147
5971	0.030418587133684904
6036	0.019529061575426367
6049	0.017464121586882313
6095	0.027534364285954623
6125	0.02946382725909718
6126	0.07475603431926729
6166	0.04911576899672253
6191	0.04983063408853856
6221	0.01809640341077477
6251	0.04989542360703457
6379	0.01629299485827111
6421	0.04085688110042002
6523	0.03330109844026975
6585	0.028339961766902882
6681	0.04094241124162843
6835	0.023130018981912876
6950	0.09735365153644954
6985	0.03994533904315052
6986	0.06139624180701824
6993	0.038722013061721065
7003	0.023361993598242457
7010	0.05196870714486141
7029	0.05661513401530975
7070	0.025780410336847217
7170	0.021225141565712875
7185	0.09736388341199338
7248	0.053990685354382034
7260	0.06956959956211234
7277	0.02016660401180879
7359	0.061123036257111435
7388	0.02384009946717079
7429	0.03294374798099445
7500	0.10281038246063948
7511	0.01629299485827111
7550	0.037378017159633646
7573	0.020286317351724557
7602	0.08252406510891493
7603	0.11600798368726528
7618	0.04324530196635377
7748	0.09966126817707711
7791	0.053694658621852465
7797	0.03873487588364981
7909	0.08686253919981651
8018	0.04504952629683006
8049	0.019086130151654723
8157	0.07375233708347192
8269	0.025310560823256275
8281	0.016153672205285737
8294	0.03845072568351715
8337	0.028339961766902882
8680	0.027646134437492774
8733	0.025127740685175662
8734	0.03687616854173596
8836	0.03348391857835037
8849	0.03932458189458564
8898	0.01184529371719584
8917	0.18673487365355582
8925	0.028339961766902882
8941	0.03639480935158388
8942	0.06486795294953064
9055	0.07995712973676743
9073	0.03484976827703064
9095	0.10215008129255765
9155	0.044105689686294136
9243	0.03505847572013156
9288	0.03845072568351715
9326	0.1856221162084816
9328	0.07435070735382084
9341	0.0957972436437632
9370	0.08252406510891493
9389	0.08261170827048264
9401	0.0072320064776268496
9446	0.2475721953267448
9502	0.09601550077192547
9631	0.05253471902962061
9745	0.15269304797950714
9805	0.022902520040491266
9854	0.027512948053497903
9960	0.03917123284202372
10073	0.028951065486602222
10098	0.025684930764967633
10112	0.047199400597608264
10269	0.04535865466465197
10349	0.06381102958773814
10384	0.08252406510891493
10442	0.059578548985413836
10509	0.044105689686294136
10516	0.032427242229201264
10550	0.04504952629683006
10574	0.17635471929694793
10584	0.027646134437492774
10602	0.028104120651309007
10603	0.02920465940453955
10702	0.05661513401530975
10705	0.0273750334768233
10710	0.08252406510891493
10716	0.022902520040491266
10771	0.18319177011255006
10793	0.07435070735382084
10880	0.05274023269556611
10913	0.02217440836870059
10914	0.03710976866939157
10987	0.06354611610779645
10990	0.018819504712193735
11021	0.04396288300260172
11099	0.07972027774082778
11113	0.03687616854173596
11166	0.09110274982945546
11171	0.043078462234549156
11210	0.03312106955861138
11272	0.007392167346664577
11423	0.05322288405192415
11516	0.05661513401530975
11581	0.062181542486849484
11640	0.059578548985413836
11875	0.05661513401530975
11893	0.027205273270093155
11925	0.015110802803456856
11953	0.012479569312526568
12032	0.048441776260215653
12097	0.06354611610779645
12098	0.06956959956211234
12124	0.014469178088099718
12133	0.03540662317466206
12148	0.009409752356096868
12200	0.09215107021082793
12208	0.05227904744138823
12284	0.04323183347522565
