502
t_index	tf-idf
37	0.035349436647782895
67	0.016397012897491
83	0.015983624421218274
102	0.016643844325980806
103	0.01575721083912505
104	0.05544624572172034
111	0.03702919081499832
116	0.021375811747820432
131	0.01696421965950048
140	0.03135503478981104
161	0.033374441341075076
201	0.019418933619816347
208	0.012539547317467528
228	0.0145729536572521
234	0.013803692534483054
259	0.017436965006340482
326	0.015869566419208822
331	0.016770363003596862
340	0.012510907895005365
369	0.0646320749017112
370	0.04260825731235944
386	0.040525354184972
421	0.0322972233931587
451	0.010737154472267222
456	0.03919477058276676
477	0.03092476430574994
496	0.03702919081499832
510	0.02845188945817483
514	0.05268256988217622
583	0.013145114615574516
590	0.013591631071356613
740	0.014155929145494591
767	0.007966837086114642
817	0.05415886074153214
836	0.034631971721006086
856	0.057518369075963
882	0.033976977560374134
885	0.013264288884847483
911	0.03977328408333124
927	0.029079559871501175
936	0.01772106227389718
953	0.014668849019272987
1030	0.025500720460517674
1048	0.08449396767478191
1061	0.020919448745025777
1096	0.030131643625390264
1101	0.08846735008196373
1126	0.04224698383739096
1135	0.04056722967017553
1138	0.038837867239632694
1157	0.023861766849108547
1301	0.017230714183500855
1310	0.03919477058276676
1355	0.018726244417383298
1366	0.02038534648901752
1367	0.0168990444980983
1405	0.028043803110835427
1426	0.05268256988217622
1454	0.035349436647782895
1457	0.5246668158422005
1460	0.018809424093749246
1484	0.10637441908085225
1516	0.016294539155689108
1528	0.02310513996240846
1535	0.014717258730275568
1536	0.05268256988217622
1570	0.05519757382739836
1580	0.03618391833394487
1615	0.013467203707580316
1620	0.05268256988217622
1689	0.01521929033088287
1716	0.03135503478981104
1720	0.019328780636682356
1733	0.015271385238572046
1746	0.033374441341075076
1750	0.013066700530303
1778	0.026137241767418405
1788	0.053665197884552526
1805	0.01291228108230168
1861	0.02436944350743655
1864	0.0287591845379815
1884	0.02038534648901752
1889	0.02173720998459714
1946	0.11562747909088965
1959	0.0108525235368259
1962	0.026593604770213063
1994	0.036142557328142574
2029	0.024027217116141877
2033	0.03803437295848444
2067	0.010680126289535635
2073	0.01621705968783418
2103	0.04056722967017553
2109	0.02941417869861345
2133	0.02941417869861345
2158	0.023085028512794214
2167	0.016834428787041427
2172	0.02510443506405825
2180	0.03432640173782784
2181	0.02510443506405825
2247	0.024196385676220823
2249	0.03919477058276676
2264	0.013508451394990666
2268	0.03702919081499832
2359	0.022074624127289128
2365	0.034631971721006086
2368	0.026133401060606
2458	0.023699874929632745
2465	0.0527330204374311
2526	0.01696421965950048
2543	0.06926394344201217
2575	0.10389591516301826
2607	0.02251663150900539
2615	0.018813755464002005
2662	0.013846831243474108
2664	0.018091959166972434
2679	0.06796427408619934
2686	0.030647686359809877
2690	0.04415177619082671
2722	0.04056722967017553
2741	0.05305715553938993
2747	0.037957185307656384
2765	0.013591631071356613
2813	0.02787255105112575
2833	0.03702919081499832
2884	0.017506990479842034
2922	0.017867235490401583
3008	0.02636196544398926
3042	0.02636196544398926
3043	0.028156648318682444
3092	0.02591903274648375
3095	0.05210275481426397
3116	0.022938855296289813
3159	0.02354139151558887
3163	0.0287591845379815
3185	0.024727972415374326
3283	0.02038534648901752
3290	0.046772352069585334
3314	0.013385380248516984
3317	0.04056722967017553
3324	0.034192575361234476
3328	0.0444125636051594
3343	0.04725527998440178
3344	0.039392115161209995
3424	0.04138697049068756
3434	0.027334630542883563
3463	0.026137241767418405
3488	0.034631971721006086
3498	0.0444125636051594
3500	0.030131643625390264
3505	0.02279546650153633
3541	0.023085028512794214
3551	0.03803437295848444
3572	0.018805911230432692
3575	0.04056722967017553
3580	0.018643973826715912
3611	0.02787255105112575
3624	0.04118892454509101
3642	0.013304436628640904
3643	0.05268256988217622
3667	0.025299970320507965
3690	0.021030972030994292
3702	0.01334479964286681
3740	0.03697336798658605
3772	0.1004108864905767
3795	0.01559176057209172
3801	0.021614805919883635
3862	0.021614805919883635
3867	0.012836243222471793
3874	0.033374441341075076
3877	0.04397631205197899
3898	0.034145566131586313
3913	0.04738103918308833
3918	0.024546573659074988
3954	0.023234096435782198
3962	0.0322972233931587
3972	0.024546573659074988
4004	0.024438343967895706
4027	0.008249410685187685
4058	0.024546573659074988
4060	0.031786157958627076
4076	0.022247757065883774
4078	0.02354139151558887
4080	0.01155256998120423
4087	0.04746477685978359
4130	0.04746477685978359
4156	0.019418933619816347
4286	0.035349436647782895
4297	0.0234928532742157
4316	0.033668857574082854
4333	0.02031775245552049
4358	0.014110987614289725
4376	0.0444125636051594
4387	0.0246866138663028
4388	0.0305177633429006
4408	0.012576001064822342
4417	0.10572086210798315
4420	0.05268256988217622
4423	0.031626358017203315
4434	0.03919477058276676
4491	0.026593604770213063
4509	0.04056722967017553
4529	0.026211610941607216
4561	0.034631971721006086
4577	0.023234096435782198
4639	0.02941417869861345
4653	0.08547975139193138
4676	0.01521929033088287
4689	0.019064624265866737
4749	0.012576001064822342
4761	0.0322972233931587
4770	0.07228511465628515
4779	0.04251820225814876
4796	0.028676854791138046
4803	0.009426967387147798
4859	0.021988156025989494
4874	0.034631971721006086
4881	0.03680484626179981
4902	0.03085973730523184
4917	0.018520943071639477
4960	0.0444125636051594
4977	0.010079775491682553
4981	0.06946817322877338
5008	0.032816579936091814
5080	0.0444125636051594
5154	0.01559176057209172
5182	0.1970965382307771
5198	0.019848049493935253
5279	0.04224698383739096
5361	0.04056722967017553
5487	0.02251663150900539
5534	0.0645944467863174
5540	0.04746477685978359
5593	0.04727163251737515
5654	0.03092476430574994
5670	0.07146894196160633
5739	0.021494360404450793
5913	0.026593604770213063
5915	0.04746477685978359
5978	0.005796306522957104
5980	0.014478264558212368
5983	0.026133401060606
5996	0.08449396767478191
6006	0.024727972415374326
6007	0.04056722967017553
6025	0.013633568138694896
6027	0.019442493167489548
6038	0.012989094852057554
6049	0.04459570937119809
6061	0.034631971721006086
6141	0.10604830994334868
6228	0.012046906248709893
6250	0.014964090158765375
6251	0.015926379399203997
6260	0.03919477058276676
6294	0.0444125636051594
6378	0.025748332289159605
6379	0.010401291297004695
6476	0.038479389155620686
6517	0.024727972415374326
6573	0.033976977560374134
6600	0.06674888268215015
6607	0.01397775078886695
6626	0.025225264406747265
6665	0.024196385676220823
6793	0.02510443506405825
6796	0.017029964043491143
6822	0.03919477058276676
6836	0.02251663150900539
6891	0.017298838486612757
6893	0.033976977560374134
6950	0.01553740882609519
6978	0.034631971721006086
6993	0.024719760913502135
7003	0.01491407214007207
7118	0.028769503503432582
7131	0.027334630542883563
7144	0.07186678060024869
7199	0.0444125636051594
7227	0.07561921643189373
7234	0.026137241767418405
7277	0.012874166144579802
7315	0.03135503478981104
7359	0.0195101793929817
7368	0.025299970320507965
7400	0.1334977653643003
7444	0.0161580187254278
7445	0.03316263349039214
7468	0.01094022570303517
7497	0.022268005832249773
7503	0.036142557328142574
7511	0.010401291297004695
7518	0.10831772148306427
7519	0.024546573659074988
7529	0.035349436647782895
7538	0.04777913819761199
7546	0.016643844325980806
7650	0.033374441341075076
7712	0.04746477685978359
7760	0.08929310004440287
7775	0.037452488834766595
7781	0.02354139151558887
7791	0.011426051303588175
7802	0.024727972415374326
7819	0.015483446701698485
7835	0.03702919081499832
7844	0.03919477058276676
7847	0.02845188945817483
7909	0.006161356670792576
8026	0.035349436647782895
8049	0.012184402018584487
8069	0.015983624421218274
8081	0.06275834623507734
8113	0.02644870825486794
8123	0.024719760913502135
8128	0.011779227055530101
8141	0.04746477685978359
8143	0.0888251272103188
8158	0.018482081907240114
8182	0.01856259266525944
8208	0.036142557328142574
8240	0.0305177633429006
8281	0.05156174527306458
8283	0.012046906248709893
8305	0.033374441341075076
8341	0.0287591845379815
8368	0.030131643625390264
8369	0.08896897043607487
8401	0.037452488834766595
8404	0.048123924320045246
8472	0.013385380248516984
8513	0.012289197457449406
8517	0.020082177298115338
8521	0.033374441341075076
8525	0.0444125636051594
8578	0.05519757382739836
8590	0.03255313476411632
8608	0.02510443506405825
8655	0.04746477685978359
8662	0.0305177633429006
8665	0.014110987614289725
8679	0.026593604770213063
8710	0.016041308106681747
8716	0.05268256988217622
8718	0.04056722967017553
8726	0.0305177633429006
8733	0.016041308106681747
8743	0.019418933619816347
8775	0.02354139151558887
8806	0.04746477685978359
8854	0.02787255105112575
8879	0.024913850602997632
8906	0.08321922162990403
8942	0.013803692534483054
8944	0.018726244417383298
8991	0.03702919081499832
9009	0.025299970320507965
9033	0.023386176034792667
9045	0.05268256988217622
9055	0.025521931507954933
9065	0.026137241767418405
9071	0.021375811747820432
9082	0.024727972415374326
9125	0.023699874929632745
9131	0.02354139151558887
9139	0.02787255105112575
9188	0.021375811747820432
9223	0.02582456216460336
9228	0.03803437295848444
9229	0.01096968830079352
9294	0.018375193320451632
9325	0.07405838162999664
9389	0.013184630108507272
9400	0.01794140046585941
9401	0.004616843415833727
9414	0.04224698383739096
9441	0.022654758028733114
9519	0.041540493730422325
9523	0.038479389155620686
9524	0.056623716581978366
9531	0.027500876187970976
9538	0.015701655722633146
9569	0.021988156025989494
9570	0.08079009362713901
9574	0.01627656738205816
9608	0.02510443506405825
9614	0.012686433619191787
9620	0.01155256998120423
9627	0.015376669250152875
9676	0.02510443506405825
9685	0.032816579936091814
9691	0.0444125636051594
9754	0.02279546650153633
9818	0.0444125636051594
9821	0.015869566419208822
9832	0.0305177633429006
9854	0.017564001562212255
9862	0.045877710592579626
9972	0.07712091385007191
9991	0.07228511465628515
10020	0.02636196544398926
10040	0.04224698383739096
10063	0.023234096435782198
10067	0.0337980889961966
10129	0.017230714183500855
10131	0.02251663150900539
10135	0.07606874591696888
10147	0.03919477058276676
10149	0.020282927438125046
10159	0.03092476430574994
10168	0.029079559871501175
10173	0.020082177298115338
10185	0.02636196544398926
10223	0.042988720808901586
10233	0.020701239724091117
10256	0.0305177633429006
10269	0.014478264558212368
10270	0.04746477685978359
10275	0.009541473392249145
10321	0.015701655722633146
10349	0.016294539155689108
10360	0.05268256988217622
10375	0.02114417242159663
10377	0.013760799631435559
10422	0.02707943037076607
10442	0.03803437295848444
10493	0.02845188945817483
10515	0.026593604770213063
10575	0.02102317801652539
10580	0.04739974985926549
10605	0.02591903274648375
10629	0.034631971721006086
10643	0.034631971721006086
10657	0.0444125636051594
10658	0.0820038916286507
10679	0.0195101793929817
10750	0.021030972030994292
10764	0.024727972415374326
10771	0.016706837866119262
10773	0.040978356521929354
10803	0.017436965006340482
10815	0.033374441341075076
10864	0.01816838301240004
10869	0.01736758493808799
10880	0.016834428787041427
10913	0.014155929145494591
10914	0.011845259795772082
10955	0.0287591845379815
10975	0.035734470980803165
10990	0.006007095450518382
11025	0.03588280093171882
11034	0.01034674262267189
11057	0.012219171983947853
11077	0.032816579936091814
11096	0.03618391833394487
11104	0.033374441341075076
11110	0.024027217116141877
11139	0.033374441341075076
11155	0.04746477685978359
11196	0.0322972233931587
11246	0.04224698383739096
11270	0.032816579936091814
11272	0.00943817715008146
11298	0.04746477685978359
11445	0.02186163734837344
11449	0.029079559871501175
11539	0.027334630542883563
11585	0.009548188752529045
11633	0.04746477685978359
11713	0.037452488834766595
11719	0.015483446701698485
11823	0.0808032222454819
11824	0.02125910112907438
11865	0.020809553594484352
11866	0.03803437295848444
11905	0.024719760913502135
11908	0.09045979583486218
11938	0.020181883181158006
11940	0.024913850602997632
11953	0.015933674172229285
11963	0.023386176034792667
11968	0.02235843975019674
11971	0.014525460224519504
11976	0.016336549246174135
12010	0.07055493807144864
12012	0.0305177633429006
12029	0.02038534648901752
12035	0.0639344976848731
12045	0.030647686359809877
12053	0.0287591845379815
12056	0.02436944350743655
12060	0.019151650485043917
12065	0.031811397792605695
12075	0.05268256988217622
12076	0.020082177298115338
12084	0.017867235490401583
12104	0.0175776734791437
12124	0.05542190521695127
12142	0.0322972233931587
12148	0.012014190901036764
12180	0.0444125636051594
12209	0.02404853337526614
12230	0.037452488834766595
