611
t_index	tf-idf
67	0.010687670142194723
75	0.009920023596472196
78	0.010648259576080803
96	0.052883921237121635
98	0.03433881113980082
105	0.02452018810199294
136	0.01623899541223764
201	0.012657375970810502
202	0.024135845933477642
261	0.026441960618560818
279	0.02894837205707251
333	0.01093102195307385
339	0.009315862104190272
340	0.016309367760716606
367	0.030937822737693094
386	0.008804888643078511
414	0.08261050300675611
424	0.021753658575704184
451	0.006998540891734143
480	0.013563790308306874
490	0.023989616824689745
499	0.02073485753136992
502	0.030937822737693094
548	0.015661082453104196
557	0.048271691866955284
558	0.02479102960928287
562	0.035978105610134835
567	0.020687754806133857
572	0.010234432216338948
574	0.020437397422662124
580	0.02894837205707251
589	0.03396088424372156
608	0.03433881113980082
635	0.04608194443290618
638	0.03266884767643253
673	0.01118707600085197
674	0.013635420618446675
678	0.014415885715604477
732	0.014332010355181576
767	0.010385663216258844
844	0.06781895154153436
846	0.026441960618560818
847	0.08261050300675611
852	0.014766505489508166
936	0.01155069336938101
976	0.006485312799752864
1020	0.011694311108181485
1026	0.010889615892144176
1056	0.016363219492975877
1061	0.04090626185534003
1064	0.027536834335585368
1066	0.023557932974344203
1077	0.02894837205707251
1101	0.014415885715604477
1138	0.012657375970810502
1199	0.021221217394373274
1225	0.04457466031690731
1283	0.02894837205707251
1341	0.025547383654964784
1346	0.014588064402959696
1364	0.10301643341940248
1366	0.02657457920793663
1427	0.025547383654964784
1460	0.04904037620398588
1467	0.06867762227960164
1473	0.015771347522715168
1516	0.01062087715023564
1535	0.028778389275510505
1546	0.0099539793659133
1570	0.035978105610134835
1578	0.027536834335585368
1580	0.011792446161473997
1609	0.052883921237121635
1621	0.02304097221645309
1625	0.06417954208125286
1656	0.02076181687997371
1689	0.009920023596472196
1717	0.014676473805690612
1731	0.07664215096489435
1733	0.0099539793659133
1750	0.06813562250040717
1754	0.018745406850749335
1773	0.01623899541223764
1785	0.07437308882784861
1794	0.030937822737693094
1802	0.025547383654964784
1809	0.013563790308306874
1851	0.020437397422662124
1864	0.03749081370149867
1878	0.07437308882784861
1880	0.03433881113980082
1881	0.030937822737693094
1883	0.031677225383197845
1884	0.013287289603968315
1889	0.014168442238802193
1893	0.02098741711912951
1902	0.0805891945420286
1908	0.0329813410629543
1914	0.018745406850749335
1929	0.06867762227960164
1933	0.047115865948688405
1946	0.06851515986050233
1999	0.024135845933477642
2043	0.016894179088042867
2086	0.012314916845942834
2088	0.022573324326930617
2092	0.044573846353310666
2095	0.11783990288607218
2097	0.039269046388108284
2116	0.01155069336938101
2117	0.01611783890840572
2133	0.03834467184964578
2141	0.011503740005314558
2152	0.018745406850749335
2158	0.015046958339933815
2163	0.014168442238802193
2188	0.013635420618446675
2213	0.010418221084454244
2222	0.07664215096489435
2223	0.14109861200565532
2243	0.047115865948688405
2252	0.007656390467687453
2256	0.027536834335585368
2264	0.008804888643078511
2273	0.17163839721083862
2298	0.02894837205707251
2342	0.0050528156738964885
2344	0.04765244292687919
2348	0.038514021030389735
2349	0.01917233592482289
2357	0.06757671635217147
2368	0.042584764062754486
2420	0.019639983814345365
2421	0.027536834335585368
2441	0.011503740005314558
2454	0.020156944572236473
2500	0.02894837205707251
2524	0.023557932974344203
2604	0.027536834335585368
2605	0.017333869129262193
2612	0.028664020710363152
2629	0.009286034722962301
2635	0.011842259676657198
2641	0.008079442347484317
2655	0.012899725925820532
2688	0.02894837205707251
2689	0.010807837514060413
2690	0.009592796425170167
2705	0.02894837205707251
2741	0.008645742072552857
2765	0.008859105648888744
2821	0.02304097221645309
2833	0.09654338373391057
2837	0.023785168217201128
2879	0.00854244164442616
2922	0.01164596993782609
2943	0.027536834335585368
2959	0.016621520661975704
3031	0.01835267017359646
3032	0.01649067053147715
3041	0.024135845933477642
3079	0.046343156630304916
3092	0.016894179088042867
3179	0.014951681771488735
3185	0.0805891945420286
3195	0.03433881113980082
3251	0.008831922260235514
3324	0.011143461588327666
3338	0.06867762227960164
3343	0.0061602542866527
3410	0.019891658933584876
3431	0.015553240988927458
3441	0.030937822737693094
3488	0.022573324326930617
3526	0.012540546901422119
3530	0.013220532259867981
3533	0.017036409020554397
3542	0.020156944572236473
3566	0.07932588185568244
3569	0.021390041207175144
3578	0.011320294747907186
3597	0.015447718876768308
3624	0.040270777531410014
3661	0.007808041054168548
3678	0.017182885244202306
3682	0.019400590526554563
3702	0.008698219461574138
3719	0.02073485753136992
3734	0.07060213253489911
3735	0.03433881113980082
3740	0.008033153427741696
3755	0.023557932974344203
3795	0.15244202859298722
3810	0.04350731715140837
3841	0.08684511617121753
3851	0.030937822737693094
3860	0.04871698623671292
3869	0.04835351672521716
3870	0.01401015144382625
3872	0.06353659056917225
3883	0.010455819652356455
3884	0.02214639525285706
3898	0.03115879519520436
3913	0.046324863035943936
3916	0.04087479484532425
3941	0.02670993553604205
3944	0.01675595617012875
4004	0.007964528685292715
4009	0.014168442238802193
4015	0.025547383654964784
4027	0.00537701475396616
4060	0.062155218174187
4080	0.015060067101932247
4084	0.006815437962457927
4103	0.016621520661975704
4113	0.04090626185534003
4148	0.012838007010129913
4171	0.052883921237121635
4183	0.04006490330406308
4193	0.030937822737693094
4251	0.048271691866955284
4297	0.007656390467687453
4333	0.006621615706254555
4357	0.02214639525285706
4358	0.009197625320231386
4359	0.011057378869795178
4387	0.005363627053704533
4398	0.021051521535832503
4402	0.055073668671170736
4425	0.014168442238802193
4428	0.01670514694917597
4430	0.01296223109086815
4437	0.025547383654964784
4447	0.02214639525285706
4450	0.013781896842094582
4462	0.046033255345924826
4474	0.03433881113980082
4529	0.01708488328885232
4531	0.014168442238802193
4532	0.020437397422662124
4546	0.030937822737693094
4547	0.012838007010129913
4553	0.02894837205707251
4566	0.17729622799246295
4632	0.03218219947703224
4676	0.019840047192944393
4722	0.08684511617121753
4726	0.08684511617121753
4758	0.014766505489508166
4763	0.013287289603968315
4770	0.047115865948688405
4793	0.026441960618560818
4794	0.027536834335585368
4796	0.009345871917018415
4815	0.016894179088042867
4845	0.014676473805690612
4848	0.008149704967273285
4852	0.016621520661975704
4859	0.014332010355181576
4881	0.011994808412344873
4894	0.03433881113980082
4917	0.024144120823657852
4981	0.02587415247927188
4988	0.021390041207175144
4989	0.010687670142194723
5025	0.01084855632950933
5051	0.06187564547538619
5095	0.023557932974344203
5101	0.01748964694641017
5102	0.031542695045430336
5132	0.038801181053109125
5156	0.016363219492975877
5198	0.00646853811981797
5227	0.015447718876768308
5270	0.009286034722962301
5296	0.017650533133724777
5315	0.021753658575704184
5334	0.022573324326930617
5341	0.022550970807165772
5362	0.007896850521240006
5363	0.020156944572236473
5398	0.006708768780953555
5416	0.030937822737693094
5445	0.028219343581551704
5480	0.03433881113980082
5487	0.029352947611381224
5497	0.014588064402959696
5502	0.023557932974344203
5511	0.07668934369929156
5558	0.07932588185568244
5580	0.011598100396163503
5593	0.030811930111127657
5597	0.010972780410247567
5618	0.016621520661975704
5629	0.01835267017359646
5637	0.056040605775305
5651	0.028499089463234113
5665	0.021390041207175144
5670	0.01164596993782609
5681	0.03433881113980082
5722	0.010418221084454244
5764	0.025547383654964784
5766	0.01748964694641017
5772	0.009149822588608062
5896	0.024135845933477642
5923	0.025547383654964784
5941	0.01485822010563577
5953	0.06867762227960164
5954	0.018545110097320808
5971	0.025314751941621003
5983	0.02555085843765269
6004	0.010343877403066928
6008	0.02304097221645309
6011	0.02670993553604205
6027	0.006336366111775115
6030	0.021051521535832503
6035	0.03433881113980082
6038	0.00846636897173587
6049	0.014533873776164382
6106	0.0178168741177122
6116	0.03132216490620839
6120	0.01030712375479517
6141	0.02304097221645309
6145	0.02479102960928287
6150	0.009498737523712808
6168	0.011892584108600564
6179	0.009376066406779857
6191	0.02073485753136992
6194	0.17255102332340602
6197	0.02479102960928287
6202	0.01524324807876492
6241	0.03433881113980082
6259	0.01385680805446418
6272	0.03433881113980082
6316	0.11014733734234147
6333	0.02894837205707251
6342	0.021753658575704184
6379	0.0067796232844506065
6405	0.024308254809620497
6406	0.012370359120607442
6413	0.02479102960928287
6438	0.04429279050571412
6450	0.018954229391035183
6453	0.014332010355181576
6469	0.07932588185568244
6472	0.023557932974344203
6529	0.01349319068593514
6532	0.015999602124446836
6553	0.006906135352687444
6556	0.035301066267449555
6573	0.06643918575857118
6582	0.025547383654964784
6593	0.04608194443290618
6607	0.009110780768128258
6619	0.02479102960928287
6625	0.027536834335585368
6626	0.016441976774331436
6635	0.015883730831784446
6684	0.021390041207175144
6746	0.006656291391932273
6759	0.06833953315540928
6809	0.030937822737693094
6815	0.048271691866955284
6848	0.025547383654964784
6852	0.030937822737693094
6868	0.020437397422662124
6872	0.02214639525285706
6878	0.026441960618560818
6902	0.04422951547918071
6920	0.06851515986050233
6948	0.10301643341940248
6968	0.023557932974344203
6993	0.008056243301420319
7051	0.014951681771488735
7062	0.027536834335585368
7080	0.06867762227960164
7081	0.03433881113980082
7118	0.009376066406779857
7144	0.0351323949995703
7154	0.055073668671170736
7155	0.01136551708740044
7170	0.008831922260235514
7221	0.014168442238802193
7224	0.009988171762833982
7227	0.02464452661859458
7243	0.028831771431208953
7317	0.020156944572236473
7343	0.02304097221645309
7345	0.014249544731617056
7419	0.02894837205707251
7421	0.028336884477604386
7433	0.013089682129369427
7442	0.021753658575704184
7443	0.02073485753136992
7444	0.010531892325046742
7445	0.010807800481941573
7448	0.022573324326930617
7468	0.007130903922939017
7497	0.020320185363418158
7511	0.0067796232844506065
7519	0.015999602124446836
7538	0.05190454219993428
7683	0.02073485753136992
7688	0.02214639525285706
7691	0.019400590526554563
7714	0.017650533133724777
7735	0.04958205921856574
7775	0.024411754090372474
7795	0.028499089463234113
7802	0.03223567781681144
7835	0.024135845933477642
7847	0.018545110097320808
7859	0.031106481977854917
7862	0.021390041207175144
7867	0.06867762227960164
7905	0.02894837205707251
7908	0.010648259576080803
7909	0.008032017555577852
7932	0.025547383654964784
7943	0.04474830400340788
7963	0.01835267017359646
7997	0.018545110097320808
8021	0.02073485753136992
8049	0.007941865415892223
8075	0.1923861164105119
8113	0.008619712361097943
8123	0.008056243301420319
8125	0.021390041207175144
8126	0.012046730474660582
8180	0.019891658933584876
8182	0.012099207863681863
8195	0.02894837205707251
8209	0.005885046320854577
8281	0.02352577571388589
8299	0.018167493891615892
8317	0.021051521535832503
8321	0.16036166573379645
8331	0.015661082453104196
8334	0.052883921237121635
8335	0.017333869129262193
8339	0.026441960618560818
8342	0.011743133293105357
8352	0.017182885244202306
8368	0.05891995144303609
8378	0.019891658933584876
8394	0.017182885244202306
8395	0.07084221119401098
8398	0.10301643341940248
8404	0.02091163930471291
8410	0.015553240988927458
8433	0.017036409020554397
8439	0.03433881113980082
8455	0.01917233592482289
8469	0.01675595617012875
8471	0.013708112156902897
8539	0.015447718876768308
8549	0.0356337482354244
8558	0.03749081370149867
8582	0.012205877045186237
8583	0.021051521535832503
8608	0.032726438985951754
8616	0.04665972296678238
8653	0.06867762227960164
8676	0.013220532259867981
8710	0.010455819652356455
8731	0.01259861372233911
8756	0.05450248167484767
8784	0.033430384764983
8824	0.02310138673876202
8846	0.005899937346250359
8872	0.026441960618560818
8885	0.09281346821307929
8906	0.01084855632950933
8928	0.02519722744467822
8952	0.014501219850856568
8983	0.007550868355528302
9015	0.055073668671170736
9032	0.017036409020554397
9059	0.07240753780043292
9065	0.017036409020554397
9073	0.014501219850856568
9104	0.029352947611381224
9107	0.012205877045186237
9116	0.0394640130437775
9118	0.02479102960928287
9119	0.11014733734234147
9125	0.015447718876768308
9131	0.015344418448641609
9138	0.057328041420726304
9150	0.021753658575704184
9168	0.0706737989230326
9212	0.02304097221645309
9229	0.014300215637387622
9294	0.00598852993029289
9324	0.026441960618560818
9339	0.024135845933477642
9341	0.013287289603968315
9375	0.030937822737693094
9389	0.008593820010237146
9394	0.02698638137187028
9430	0.023557932974344203
9464	0.06187564547538619
9523	0.025081093802844238
9524	0.009226918476503542
9531	0.005975078004672132
9560	0.04278008241435029
9570	0.021063784650093485
9582	0.3358546355456564
9584	0.014588064402959696
9612	0.11239464694318715
9614	0.008269092587194252
9620	0.015060067101932247
9627	0.040090416433449114
9638	0.023557932974344203
9639	0.021051521535832503
9728	0.019400590526554563
9844	0.015447718876768308
9854	0.005724160133539969
9862	0.014951681771488735
9879	0.00916850601160755
9888	0.022573324326930617
9974	0.038801181053109125
10020	0.017182885244202306
10026	0.03433881113980082
10067	0.01101489731349675
10092	0.014588064402959696
10098	0.021375340284389446
10117	0.019639983814345365
10125	0.019891658933584876
10148	0.014501219850856568
10152	0.013089682129369427
10219	0.02894837205707251
10223	0.01401015144382625
10256	0.019891658933584876
10275	0.006219188880585104
10278	0.01155069336938101
10297	0.07266997556646357
10317	0.04210304307166501
10324	0.02479102960928287
10329	0.02894837205707251
10330	0.04278008241435029
10349	0.01062087715023564
10383	0.013708112156902897
10386	0.015553240988927458
10439	0.07932588185568244
10493	0.018545110097320808
10525	0.02479102960928287
10527	0.011943430046533884
10538	0.03433881113980082
10575	0.02740606394420093
10605	0.033788358176085734
10610	0.018545110097320808
10613	0.01675595617012875
10651	0.037090220194641615
10664	0.027536834335585368
10665	0.01748964694641017
10666	0.030937822737693094
10764	0.03223567781681144
10786	0.02073485753136992
10800	0.009139558499314394
10806	0.03433881113980082
10817	0.03888669327260445
10830	0.018545110097320808
10836	0.03182748912515558
10856	0.05563533029196242
10913	0.009226918476503542
10933	0.010270643370375886
10942	0.02324504654265156
10944	0.02073485753136992
10952	0.020437397422662124
10990	0.015661841602294026
11034	0.006744068135375117
11108	0.013354967768021026
11109	0.022573324326930617
11112	0.01917233592482289
11141	0.014676473805690612
11160	0.03433881113980082
11173	0.05086740202519199
11175	0.06912291664935927
11176	0.023557932974344203
11253	0.008804888643078511
11272	0.036911158668090735
11357	0.027536834335585368
11445	0.014249544731617056
11450	0.02771361610892836
11451	0.02894837205707251
11480	0.027536834335585368
11504	0.027536834335585368
11585	0.01867069797659165
11596	0.025547383654964784
11605	0.02304097221645309
11761	0.011457231703528043
11762	0.017182885244202306
11840	0.013423592510470005
11844	0.055073668671170736
11878	0.008416301301565598
11905	0.016112486602840637
11917	0.03433881113980082
11931	0.017989052805067417
11938	0.0131546710145925
11955	0.02304097221645309
12012	0.11934995360150925
12045	0.02996451528850195
12056	0.03176829528458613
12127	0.010057279794039998
12148	0.003915460400573507
12173	0.01611783890840572
12209	0.08464487319222405
12217	0.10301643341940248
12230	0.06102938522593118
12240	0.021051521535832503
